id,uuid,image_url
195454333,ed66a51c-12fc-4739-9e3c-6a92a9a65003,https://static.inaturalist.org/photos/343859179/medium.jpg
195454348,6f4877ff-63ca-43cb-b42a-929457b7f9df,https://static.inaturalist.org/photos/343859234/medium.jpg
195462034,cc491711-a642-48b5-b17c-7f7f75c65e3e,https://inaturalist-open-data.s3.amazonaws.com/photos/343873853/medium.jpeg
195476902,bbf385fe-d074-4186-9b6f-8fbb7dc6f530,https://inaturalist-open-data.s3.amazonaws.com/photos/343903781/medium.jpeg
195477898,1956aca7-b121-49d3-9cf8-e61bb6319186,https://inaturalist-open-data.s3.amazonaws.com/photos/343905775/medium.jpg
195552536,01455314-3091-47a6-94f5-4cf736dbc33f,https://inaturalist-open-data.s3.amazonaws.com/photos/344060054/medium.jpeg
195567594,c113e8ef-7414-4da8-af31-e63516455d7c,https://inaturalist-open-data.s3.amazonaws.com/photos/344090134/medium.jpeg
195662890,541b7af3-1f06-4ff7-a961-39e3e0f8c923,https://static.inaturalist.org/photos/344279810/medium.jpg
195674458,8704b62c-6cd4-4e11-b4fd-59b2c7c79ba0,https://inaturalist-open-data.s3.amazonaws.com/photos/344302366/medium.jpg
195694761,0181802e-75d2-43c7-a7b7-d5b7ee8e8d2e,https://inaturalist-open-data.s3.amazonaws.com/photos/344343043/medium.jpeg
195739932,ad8370de-5d3d-4598-8524-9dccd4e61a69,https://inaturalist-open-data.s3.amazonaws.com/photos/344436377/medium.jpeg
195741065,767cd1dc-1c4c-4869-9c48-1faab0df430f,https://inaturalist-open-data.s3.amazonaws.com/photos/344438843/medium.jpeg
195748227,da548c8e-2a4f-4845-a62a-02eae16de87b,https://inaturalist-open-data.s3.amazonaws.com/photos/344453219/medium.jpeg
195772578,611539e5-1821-4734-a8cb-8d7cbe424c21,https://static.inaturalist.org/photos/344670243/medium.jpeg
195835005,3511db07-5580-47be-a67a-4a4640080386,https://inaturalist-open-data.s3.amazonaws.com/photos/344627832/medium.jpg
195840903,8c7edc52-e953-4472-bc12-0d77dda6bc36,https://inaturalist-open-data.s3.amazonaws.com/photos/344638533/medium.jpg
195877523,c6cb5d79-73d8-4726-8288-95a87f53f95d,https://inaturalist-open-data.s3.amazonaws.com/photos/344714263/medium.jpg
195927087,5f8bbe71-00d7-4b51-b84c-e6ad7bde8718,https://inaturalist-open-data.s3.amazonaws.com/photos/344814479/medium.jpeg
195933187,2eca3516-7d78-4966-a1e9-ccd63b91fad9,https://inaturalist-open-data.s3.amazonaws.com/photos/344822268/medium.jpg
196013473,d70eb4f9-54aa-4e55-ad7e-21853be2038a,https://inaturalist-open-data.s3.amazonaws.com/photos/347353948/medium.jpeg
196022208,25a48ba7-d01d-4ecd-9013-e0c0bb339e54,https://static.inaturalist.org/photos/345005553/medium.jpg
196135190,aa7bfb98-a0bb-4067-badf-e12b6f5b9d99,https://inaturalist-open-data.s3.amazonaws.com/photos/345229730/medium.jpeg
196198419,b0609f1d-a1bc-4bb2-a22e-c80964652195,https://inaturalist-open-data.s3.amazonaws.com/photos/345357573/medium.jpeg
196221593,10270b57-fa9f-4c0a-804c-db777085b96a,https://inaturalist-open-data.s3.amazonaws.com/photos/345403663/medium.jpeg
196354015,5e1ab63e-7a61-4bb6-9130-7639f4987c25,https://inaturalist-open-data.s3.amazonaws.com/photos/345672078/medium.jpeg
196375013,8afd72b2-28f0-4433-a12a-478ff0b6e925,https://inaturalist-open-data.s3.amazonaws.com/photos/345712095/medium.jpg
196419614,0e1b5009-643c-4eb6-ad16-aac688fa132c,https://static.inaturalist.org/photos/345807958/medium.jpeg
196454980,072047f5-a437-4a9e-a84e-122a332de03a,https://static.inaturalist.org/photos/345879412/medium.jpg
196461141,305c9092-b189-4141-9c4f-fc439d46ac34,https://static.inaturalist.org/photos/345892297/medium.jpeg
196657505,0402374c-ea1f-40ec-aa98-63b76fbe1372,https://static.inaturalist.org/photos/346166317/medium.jpeg
196747419,85df5d9c-06e7-4630-84fc-ae9d8de34563,https://inaturalist-open-data.s3.amazonaws.com/photos/346346148/medium.jpg
196751915,5ea0af83-e9fd-4e6c-be96-600a78ab5edd,https://inaturalist-open-data.s3.amazonaws.com/photos/346355119/medium.jpeg
197004241,0c5e7f7e-d976-454d-a1e7-ad87f664abd4,https://inaturalist-open-data.s3.amazonaws.com/photos/346866673/medium.jpeg
197299277,41acf497-3386-4b1d-844e-fb4f68d9a8b2,https://static.inaturalist.org/photos/347464116/medium.jpeg
197879633,efd0fe4e-0cd3-4f98-b1e9-262a481c8c6c,https://inaturalist-open-data.s3.amazonaws.com/photos/348634071/medium.jpg
197885954,e7e53ca4-379e-4802-a17c-d54218024c5a,https://static.inaturalist.org/photos/348644785/medium.jpg
198763074,6b75ddee-b48c-476f-8da9-4472305826f9,https://static.inaturalist.org/photos/350392460/medium.jpg
200089535,9c2dc660-0a10-4b64-9c05-4c880f5f9133,https://static.inaturalist.org/photos/352956098/medium.jpeg
201120812,d048996a-b9c2-4dc7-ad17-ae08eff1461c,https://inaturalist-open-data.s3.amazonaws.com/photos/354972545/medium.jpeg
201397331,575f9912-5403-4460-b462-4f719171d6d6,https://inaturalist-open-data.s3.amazonaws.com/photos/355510960/medium.jpg
201905070,7d7a2458-e13e-4ea7-9547-d48f8b40400e,https://inaturalist-open-data.s3.amazonaws.com/photos/356495370/medium.jpeg
203225916,170dbf99-3632-40bd-a9d5-d3029aea7a86,https://inaturalist-open-data.s3.amazonaws.com/photos/359030969/medium.jpeg
205144819,9f4c912a-f11e-4f32-a1d9-bebf6aabdb8a,https://static.inaturalist.org/photos/362688500/medium.jpeg
206394580,dcf189f6-f775-4326-aabd-12a36bcef75f,https://static.inaturalist.org/photos/365033130/medium.jpeg
207711556,2fe1bea6-b604-498b-8fa5-e416c3d650b4,https://inaturalist-open-data.s3.amazonaws.com/photos/367436924/medium.jpeg
208312417,9a9e288b-41ce-4d84-a395-73d4a8a767d5,https://inaturalist-open-data.s3.amazonaws.com/photos/368554433/medium.jpg
209264206,34b94b7d-503e-426e-b688-ae88b544f059,https://static.inaturalist.org/photos/370327378/medium.jpg
210385179,0bda721b-8a42-40c4-a7c0-e1a0a0d1af17,https://inaturalist-open-data.s3.amazonaws.com/photos/372122040/medium.jpg
210748177,bea45b9c-ccb7-47ed-b5fe-b06d95f94932,https://inaturalist-open-data.s3.amazonaws.com/photos/372721998/medium.jpg
210905313,f612b61c-4b41-4234-a4e3-6022a3509f54,https://static.inaturalist.org/photos/372961013/medium.jpeg
210978400,809850a2-a33f-4022-a9e2-431358e13519,https://inaturalist-open-data.s3.amazonaws.com/photos/373075801/medium.jpg
212556350,fcefc98b-f07d-49ff-a37e-3547a39b94a7,https://inaturalist-open-data.s3.amazonaws.com/photos/375620326/medium.jpeg
212556660,a07864b0-6385-4036-9ba0-8458d9c1901a,https://inaturalist-open-data.s3.amazonaws.com/photos/375625240/medium.jpg
212697457,f5f428e2-90ed-4871-b8e2-5322e8b94efe,https://inaturalist-open-data.s3.amazonaws.com/photos/375873256/medium.jpg
212733855,a810560b-86c1-49b5-9a77-2d0f1b241942,https://inaturalist-open-data.s3.amazonaws.com/photos/375939914/medium.jpeg
213216671,f9a5bc99-d557-443c-8acd-f59c6c44607a,https://static.inaturalist.org/photos/376802577/medium.jpeg
214149773,c3882c3d-b52d-403a-93cb-49bfa02f718c,https://inaturalist-open-data.s3.amazonaws.com/photos/378497550/medium.jpg
214160860,15bd6513-4074-4d0a-b203-8897c1c9402d,https://inaturalist-open-data.s3.amazonaws.com/photos/378518424/medium.jpeg
214162216,d8c47190-8233-4266-86e8-521b3a162ecd,https://inaturalist-open-data.s3.amazonaws.com/photos/378520983/medium.jpg
214366379,3710e0cf-4283-41a0-91d4-b8c124e9d4df,https://inaturalist-open-data.s3.amazonaws.com/photos/378901573/medium.jpg
214527797,66dbc67d-12d1-436e-9b48-dd42a1a486cb,https://static.inaturalist.org/photos/379201836/medium.jpeg
215006392,181c8239-b857-40b0-8486-7a9c04bd9e5f,https://inaturalist-open-data.s3.amazonaws.com/photos/380090737/medium.jpeg
215033749,6aff873d-f010-433b-bef1-f28e3b8d48e4,https://inaturalist-open-data.s3.amazonaws.com/photos/380139510/medium.jpeg
215451349,2ca2125a-b47e-456b-bc81-d907d18d73aa,https://static.inaturalist.org/photos/380919592/medium.jpg
215451445,058581e4-4b65-4d60-8ca1-12bb45290bdf,https://static.inaturalist.org/photos/380919689/medium.jpg
215452207,791d3593-a532-4e53-b833-5abc6de03d5f,https://static.inaturalist.org/photos/381313244/medium.jpg
215491591,d9885718-b8dd-4d24-84c4-43ad8ed99145,https://inaturalist-open-data.s3.amazonaws.com/photos/380995256/medium.jpg
215663380,6e153f81-6ca4-4f5c-b5d8-b277e5b38a0c,https://static.inaturalist.org/photos/381324685/medium.jpeg
215708283,387680ba-e685-44c2-8903-b462304c29b9,https://inaturalist-open-data.s3.amazonaws.com/photos/381405534/medium.jpeg
215708901,18c6cf70-2189-4560-8bab-2a79f8594225,https://inaturalist-open-data.s3.amazonaws.com/photos/381406344/medium.jpg
215915330,a6a8ddb4-31d2-41df-9f39-fe11d428c319,https://inaturalist-open-data.s3.amazonaws.com/photos/381795586/medium.jpeg
215926971,ddcb2721-a4d9-490e-92a7-b2d25c316d77,https://inaturalist-open-data.s3.amazonaws.com/photos/381817089/medium.jpeg
216076520,c1a37446-c5e6-4bb3-a756-49a8f9e54600,https://static.inaturalist.org/photos/382104319/medium.jpeg
216077176,79ddae57-d7a7-4658-bc82-c0598e443d01,https://inaturalist-open-data.s3.amazonaws.com/photos/382130471/medium.jpg
216097221,df90e0f5-7a53-4c7f-8180-df19641be538,https://inaturalist-open-data.s3.amazonaws.com/photos/382142809/medium.jpg
216108590,6b159455-72b0-4551-8cfe-8bf79a1680ee,https://inaturalist-open-data.s3.amazonaws.com/photos/382162426/medium.jpeg
216306736,8ab9f49c-ec54-4ffa-90a1-ad6211d4a0c4,https://inaturalist-open-data.s3.amazonaws.com/photos/382538911/medium.jpeg
216489730,b1619233-0afe-49bb-a1d6-ae4e6bec94b4,https://static.inaturalist.org/photos/382883846/medium.jpg
216497291,f2256d08-0267-4e28-9dc8-3ed361470030,https://static.inaturalist.org/photos/382897656/medium.jpeg
216525579,43cc08a8-34f0-44e8-a1ba-207b26336cc0,https://inaturalist-open-data.s3.amazonaws.com/photos/382951104/medium.jpg
216582785,4dc17d5f-1174-4f62-aeca-b1c4d2e4e089,https://inaturalist-open-data.s3.amazonaws.com/photos/383048998/medium.jpeg
216782272,e7ab73b9-cc90-49ff-af33-cf56e79de064,https://static.inaturalist.org/photos/383427927/medium.jpg
216795486,4d717549-48d4-43fa-a971-7cf7d8050553,https://inaturalist-open-data.s3.amazonaws.com/photos/383450710/medium.jpeg
216797985,f19c834e-9735-4bbf-94cf-837346c4fe67,https://inaturalist-open-data.s3.amazonaws.com/photos/383455092/medium.jpeg
216882057,ea81cbdf-e13a-4d1a-9017-200e7aa9d85a,https://inaturalist-open-data.s3.amazonaws.com/photos/383608425/medium.jpeg
216922999,540f9add-3201-42ab-bc8e-2c0d64c74063,https://inaturalist-open-data.s3.amazonaws.com/photos/383684419/medium.jpeg
217010150,386c6c7c-60e4-46ed-9bae-c4d2a74c2f56,https://inaturalist-open-data.s3.amazonaws.com/photos/383857880/medium.jpeg
217088132,65f30443-8536-4c5a-a447-5c6cf72f9f40,https://inaturalist-open-data.s3.amazonaws.com/photos/384000224/medium.jpeg
217277308,f2ad0297-9a9e-4caf-aceb-a7341831d9d7,https://inaturalist-open-data.s3.amazonaws.com/photos/384361651/medium.jpg
217507062,fcd690d8-2a1b-4fb7-9883-a8e9bf9e5e5c,https://static.inaturalist.org/photos/384795500/medium.jpeg
217699403,5e8c4433-be2a-442d-9452-ddad51fc08ab,https://inaturalist-open-data.s3.amazonaws.com/photos/385153438/medium.jpeg
217861460,825b4179-a72d-46f0-a314-d6c34f7f5e11,https://inaturalist-open-data.s3.amazonaws.com/photos/385465890/medium.jpeg
217936332,b56fd8d9-25f8-4799-bcf1-bc1224a70f54,https://inaturalist-open-data.s3.amazonaws.com/photos/385598910/medium.jpg
217965999,c88af88a-e672-4426-aaa5-3f32dbbeb666,https://inaturalist-open-data.s3.amazonaws.com/photos/385655248/medium.jpg
218089201,69b18478-b8ef-46e8-a930-5a0513486e75,https://inaturalist-open-data.s3.amazonaws.com/photos/385890413/medium.jpeg
218091232,36d1c3d1-3155-479b-bf8a-02964c7e1dd2,https://inaturalist-open-data.s3.amazonaws.com/photos/385893785/medium.jpg
218091233,116489f7-135b-4837-954e-dcca7dfc5bad,https://inaturalist-open-data.s3.amazonaws.com/photos/385893784/medium.jpg
218123881,828f627f-ccfe-47a9-a3c8-7a177d11d126,https://inaturalist-open-data.s3.amazonaws.com/photos/385951198/medium.jpeg
218218423,07692f97-07f5-481a-b169-e703ed0c3757,https://inaturalist-open-data.s3.amazonaws.com/photos/386125208/medium.jpeg
218318282,3c220c44-20dd-463c-96e0-8425b837e2c1,https://static.inaturalist.org/photos/386316620/medium.jpeg
218355898,20d84cc4-c7e1-4db9-a18c-63c67cb39114,https://inaturalist-open-data.s3.amazonaws.com/photos/386384225/medium.jpeg
218357282,ee47a093-b4a5-419c-b344-f39ddc33e621,https://static.inaturalist.org/photos/386386707/medium.jpeg
218393070,02be20e6-40a4-4179-81d1-65b3e3ed7918,https://inaturalist-open-data.s3.amazonaws.com/photos/386449054/medium.jpg
218439242,e3d5c6ea-7645-4e50-95c2-9481f97ce684,https://inaturalist-open-data.s3.amazonaws.com/photos/386533862/medium.jpg
218447523,3399fd8b-65ef-4c29-b266-e13a0011064c,https://inaturalist-open-data.s3.amazonaws.com/photos/386551150/medium.jpg
218463326,e733fb30-e314-4854-9e2e-e6086e7df124,https://inaturalist-open-data.s3.amazonaws.com/photos/386579763/medium.jpeg
218575412,30e398e7-785f-435f-b674-32fb4b5bc174,https://inaturalist-open-data.s3.amazonaws.com/photos/386795651/medium.jpeg
218610089,e2815b15-6491-4508-b0ab-5db998c1e6ee,https://inaturalist-open-data.s3.amazonaws.com/photos/386860564/medium.jpeg
218610118,9fb17f11-23bb-4bdd-97bb-2aa2ccb27d83,https://inaturalist-open-data.s3.amazonaws.com/photos/386860648/medium.jpeg
218622795,f873c4d0-e665-48e2-893a-95eb379fb536,https://static.inaturalist.org/photos/386883223/medium.jpeg
218653402,89cdd73e-eafc-48bb-b547-e78f2de1c6de,https://inaturalist-open-data.s3.amazonaws.com/photos/386940435/medium.jpeg
218670079,1daf91ad-c9bc-4156-8829-391c26b497c5,https://inaturalist-open-data.s3.amazonaws.com/photos/386971393/medium.jpg
218740950,70ec57bf-1759-4a36-bdcf-125b10d250fa,https://static.inaturalist.org/photos/387087633/medium.jpeg
218862662,7e39d378-613a-44b6-8893-db960f09845d,https://inaturalist-open-data.s3.amazonaws.com/photos/387334382/medium.jpg
218881653,3d62b9f4-c416-46ac-8e2e-27d5e595e686,https://inaturalist-open-data.s3.amazonaws.com/photos/387369362/medium.jpg
218897156,7b860bf5-c3f2-4593-9dc0-7ec8ac1b8c99,https://static.inaturalist.org/photos/387423434/medium.jpeg
218945252,62c37024-3adb-4737-a223-a3863d6caf55,https://inaturalist-open-data.s3.amazonaws.com/photos/387593544/medium.jpg
218957988,82fc3639-a181-4c63-8974-79e2922c731a,https://inaturalist-open-data.s3.amazonaws.com/photos/387512667/medium.jpeg
219148237,eefac75a-54fb-4a42-8bcc-4c54fe78de1a,https://inaturalist-open-data.s3.amazonaws.com/photos/387863149/medium.jpeg
219155643,f9ee3f8b-9ca8-4b60-821f-88bb7783fe55,https://static.inaturalist.org/photos/387876585/medium.jpeg
219189162,8eb9de7f-3aa7-4f29-bef6-08b8a6c25ebe,https://inaturalist-open-data.s3.amazonaws.com/photos/387940766/medium.jpeg
219193754,9054cd60-b7eb-43ad-bbec-a6eccbed0256,https://inaturalist-open-data.s3.amazonaws.com/photos/387949064/medium.jpeg
219284425,b97a2bda-cf36-4602-9273-bd2aa819bf51,https://static.inaturalist.org/photos/388124507/medium.jpg
219330097,5a8c66a9-9572-4913-a308-efc298b4d30b,https://static.inaturalist.org/photos/388206825/medium.jpeg
219336745,f849b61e-3e63-4f63-a5d2-932880be5711,https://inaturalist-open-data.s3.amazonaws.com/photos/388234135/medium.jpg
219355647,e444ec5d-8946-48ed-a508-e2e8d15aa12e,https://static.inaturalist.org/photos/388252622/medium.jpeg
219355675,15118c8e-9b54-4821-a983-8ab3f76ff683,https://static.inaturalist.org/photos/388252712/medium.jpeg
219477000,fbb0c47c-dcae-4f2d-9ddd-ba2bf4190ffa,https://static.inaturalist.org/photos/388484675/medium.jpeg
219483457,f7876069-f971-42db-b78b-9f3f96a87222,https://inaturalist-open-data.s3.amazonaws.com/photos/388496730/medium.jpg
219492259,282acffb-7816-4232-ad18-8ffc2e1768c8,https://inaturalist-open-data.s3.amazonaws.com/photos/388513064/medium.jpeg
219510253,ed95109b-da6b-4a72-a1dc-8dd7925da57e,https://static.inaturalist.org/photos/388545560/medium.jpeg
219517835,2d0d30ee-bd64-47f5-9980-668852388e91,https://inaturalist-open-data.s3.amazonaws.com/photos/388559407/medium.jpeg
219534526,323d1c86-3997-45e9-bf34-cfa1c6be98c1,https://inaturalist-open-data.s3.amazonaws.com/photos/388589547/medium.jpg
219567815,7ddeb88a-6d32-4eae-9026-9d9ae1e59787,https://inaturalist-open-data.s3.amazonaws.com/photos/388649217/medium.jpg
219687133,f1a92841-d05a-41c5-9b0c-3973bb92b1a3,https://static.inaturalist.org/photos/388879149/medium.jpeg
219714657,c3ee2aac-6b4e-4c41-a488-e621af27b6c0,https://inaturalist-open-data.s3.amazonaws.com/photos/388928659/medium.jpg
219717907,560e4c3d-bab8-4d13-8100-f7aa70f50bdd,https://inaturalist-open-data.s3.amazonaws.com/photos/388933808/medium.jpeg
219781741,b98cf53e-092b-4bf3-bb86-539d4f3948ae,https://inaturalist-open-data.s3.amazonaws.com/photos/389048634/medium.jpg
219794304,69319d41-7149-46e3-b2db-fb5259ad3be5,https://inaturalist-open-data.s3.amazonaws.com/photos/389072465/medium.jpg
219794554,1de339ac-7262-45c3-b125-86f0751aefb5,https://inaturalist-open-data.s3.amazonaws.com/photos/389072745/medium.jpg
219818362,9e62c245-eab0-4f44-9fa3-3768389e52aa,https://inaturalist-open-data.s3.amazonaws.com/photos/389116577/medium.jpg
219827222,9f028876-e490-46f9-bede-c0a002dff946,https://inaturalist-open-data.s3.amazonaws.com/photos/389133705/medium.jpg
219864574,9b4d7edf-185e-41bc-b36d-a260e2f30619,https://inaturalist-open-data.s3.amazonaws.com/photos/389202753/medium.jpeg
219946528,4ecd628f-4ed7-4ff6-87b5-03e8628c9d78,https://inaturalist-open-data.s3.amazonaws.com/photos/389361542/medium.jpeg
219969967,0df516ae-ced3-4d51-a8c2-7b075fd9bd96,https://inaturalist-open-data.s3.amazonaws.com/photos/389403217/medium.jpeg
219974921,bdf4cda2-c2c6-454f-93f4-6a5060d1863f,https://static.inaturalist.org/photos/389411726/medium.jpeg
219975030,0da76581-fcb6-4556-9666-98bd8adbbfb6,https://inaturalist-open-data.s3.amazonaws.com/photos/389412108/medium.jpg
219987828,aeac8ce7-f719-4466-bc19-613ba51c56e7,https://static.inaturalist.org/photos/389463633/medium.jpeg
219988582,190a6917-3e19-4282-82a7-bfeafc92baa5,https://inaturalist-open-data.s3.amazonaws.com/photos/389439140/medium.jpeg
219999483,92bb6c6e-0d8d-4628-a927-ff4bc9c3142b,https://inaturalist-open-data.s3.amazonaws.com/photos/389459806/medium.jpg
220003594,3aad8dfa-3883-49f6-840b-d1aad8695179,https://inaturalist-open-data.s3.amazonaws.com/photos/389467111/medium.jpg
220005271,fdf29f26-c4ee-46b8-942c-de411a2f9e00,https://static.inaturalist.org/photos/389546862/medium.jpeg
220209828,4692b89e-3cf6-4c78-a857-561d284d334d,https://inaturalist-open-data.s3.amazonaws.com/photos/389856878/medium.jpeg
220255207,d414cd8c-4d1f-4d15-804b-60a70b7ccc2b,https://inaturalist-open-data.s3.amazonaws.com/photos/389941684/medium.jpeg
220292745,af9a79b2-3455-49fb-9e0a-c1f047269a48,https://inaturalist-open-data.s3.amazonaws.com/photos/390009193/medium.jpg
220320842,56addf76-cd84-462b-a9ae-0f3ff7065944,https://static.inaturalist.org/photos/390061776/medium.jpg
220405374,23f37544-139b-4f57-b69c-3b7a30e8ec0e,https://inaturalist-open-data.s3.amazonaws.com/photos/390225417/medium.jpeg
220429645,0dca05e3-231b-40b5-a43d-f2115f8af6f7,https://inaturalist-open-data.s3.amazonaws.com/photos/390269260/medium.jpg
220451764,0d7b29e5-d98f-4343-a8ca-32d3222d7d0f,https://inaturalist-open-data.s3.amazonaws.com/photos/390310870/medium.jpeg
220458463,bed07a6a-b761-4e23-8cc5-3eb7288f6ae1,https://inaturalist-open-data.s3.amazonaws.com/photos/390322869/medium.jpeg
220504970,253ecef2-8224-4434-8e9c-45b3c42a4958,https://inaturalist-open-data.s3.amazonaws.com/photos/390407982/medium.jpg
220531917,5faed6cc-afbe-41f6-a71c-0f126363a0b2,https://static.inaturalist.org/photos/390458558/medium.jpg
220679418,5f839f3e-8ecc-40c0-8001-8909add817ef,https://inaturalist-open-data.s3.amazonaws.com/photos/390734754/medium.jpg
220702698,2d1b3d61-4efc-4de0-ab60-fd529b438e25,https://static.inaturalist.org/photos/390776081/medium.jpg
220712054,686ae574-79d4-4fa0-aa04-b963a0bc569c,https://inaturalist-open-data.s3.amazonaws.com/photos/390793641/medium.jpg
220735621,60c049f8-3b68-480c-bb8e-efdf73f71297,https://inaturalist-open-data.s3.amazonaws.com/photos/390837747/medium.jpeg
220856068,5afb0b12-cd87-435a-a44a-72e32b81443f,https://inaturalist-open-data.s3.amazonaws.com/photos/391068149/medium.jpeg
220874850,79ada05b-20ba-407c-a5a5-9065628d44a2,https://inaturalist-open-data.s3.amazonaws.com/photos/391101157/medium.jpg
220880982,53b0fa4d-2bc3-40fa-a39c-3b9aca5e0541,https://inaturalist-open-data.s3.amazonaws.com/photos/391110972/medium.jpeg
220942648,c9011525-547d-4b90-bd53-da9b75b93ff5,https://inaturalist-open-data.s3.amazonaws.com/photos/391225503/medium.jpeg
220984655,a5bd31be-12c6-4e57-bf30-1a00f6a36379,https://inaturalist-open-data.s3.amazonaws.com/photos/391304334/medium.jpeg
221045852,4d2cef76-7ba5-4c40-9f3f-8a2096ea797e,https://inaturalist-open-data.s3.amazonaws.com/photos/391426061/medium.jpeg
221049561,97f7ba55-dc94-4cce-bb52-95eeaa127809,https://inaturalist-open-data.s3.amazonaws.com/photos/391433696/medium.jpeg
221085771,e1eeb11d-9fbb-4981-9b86-3b22d3a1c9eb,https://inaturalist-open-data.s3.amazonaws.com/photos/391498138/medium.jpg
221093592,c291d041-0905-4934-8289-fa945c49ba1c,https://inaturalist-open-data.s3.amazonaws.com/photos/391512902/medium.jpg
221094502,68ecc0e2-1b69-4ae9-a6c6-af1e61b44a97,https://inaturalist-open-data.s3.amazonaws.com/photos/391514688/medium.jpg
221108143,cf5c7e55-85cd-422f-8a05-dbe0b470666c,https://inaturalist-open-data.s3.amazonaws.com/photos/391538868/medium.jpg
221117812,05e8efc0-c108-4339-9b4a-85f0d99862b2,https://inaturalist-open-data.s3.amazonaws.com/photos/391556354/medium.jpeg
221135110,b7b7690f-cca1-42da-b9ba-58db78c3d641,https://inaturalist-open-data.s3.amazonaws.com/photos/391588035/medium.jpeg
221154688,48fe1c47-7f46-40e5-a364-4bcaed586c52,https://inaturalist-open-data.s3.amazonaws.com/photos/391624613/medium.jpg
221233880,0569ec7e-e8a1-409f-a446-25db0325ed71,https://inaturalist-open-data.s3.amazonaws.com/photos/391779033/medium.jpeg
221262766,05698abc-2dd8-4466-8bdd-296139130671,https://inaturalist-open-data.s3.amazonaws.com/photos/391832586/medium.jpeg
221285779,b3646719-0611-4d50-ab25-3da02e9e6956,https://static.inaturalist.org/photos/391872992/medium.jpeg
221287862,45c362b4-5e3e-4c87-8c4d-f66a3570ba6f,https://inaturalist-open-data.s3.amazonaws.com/photos/391877375/medium.jpg
221299595,b6ceb9f7-99ff-444d-9752-1940b94dc411,https://static.inaturalist.org/photos/393667063/medium.jpeg
221315075,eb4fec83-5fdc-4ff5-a050-ce55c8de39b9,https://inaturalist-open-data.s3.amazonaws.com/photos/392825907/medium.jpg
221317326,e7bd184e-15b6-4d0c-b5ec-db41ffdd736b,https://inaturalist-open-data.s3.amazonaws.com/photos/391928004/medium.jpg
221326256,f7e41aea-0dfc-4f7f-acd7-4a5e1c6b41bd,https://inaturalist-open-data.s3.amazonaws.com/photos/391942754/medium.jpeg
221344108,5e5a1d03-3bc6-4545-ae12-7637d808a0e1,https://static.inaturalist.org/photos/391974164/medium.jpeg
221425597,d1e79970-0782-45e4-8fc2-073338f0336d,https://inaturalist-open-data.s3.amazonaws.com/photos/392124025/medium.jpg
221482626,ed614cb6-26d8-4825-ac57-e7eba9a3e199,https://static.inaturalist.org/photos/392233953/medium.jpeg
221515882,289aab0d-d508-43c5-81d0-13aa79a84082,https://inaturalist-open-data.s3.amazonaws.com/photos/392296929/medium.jpeg
221524533,2d4ede19-39d5-4d10-84e2-cad8dd7f77ac,https://inaturalist-open-data.s3.amazonaws.com/photos/392312832/medium.jpeg
221524653,013ad372-cffa-4da6-bdcd-1e5fc8e85ad5,https://static.inaturalist.org/photos/392313127/medium.jpeg
221552337,f2cd2a5c-47ce-4366-beae-bd3229546796,https://inaturalist-open-data.s3.amazonaws.com/photos/392362186/medium.jpeg
221552429,2343f43e-a23f-4248-b9d2-6ca945be38e7,https://inaturalist-open-data.s3.amazonaws.com/photos/392362342/medium.jpeg
221553315,9988dda7-e672-4a1b-9354-d7387fd0280c,https://static.inaturalist.org/photos/392364077/medium.jpeg
221611915,f5cebde7-3dd2-4a20-a767-5412d5b71e7b,https://static.inaturalist.org/photos/392468199/medium.jpeg
221613720,ffb2e46b-f079-4a41-8712-d7647519ff01,https://inaturalist-open-data.s3.amazonaws.com/photos/392471593/medium.jpeg
221629386,e00025ad-4fd5-4500-ab1a-69552bf0ddc5,https://static.inaturalist.org/photos/392501162/medium.jpeg
221633680,a826fa7e-a9e8-409b-af85-14ef2944da6d,https://inaturalist-open-data.s3.amazonaws.com/photos/392509426/medium.jpg
221648395,dbbdfba1-0f5a-4c88-b477-88d7b17b49d7,https://inaturalist-open-data.s3.amazonaws.com/photos/392536187/medium.jpeg
221676324,18007dfd-12d8-4111-8435-ea4604147e7b,https://static.inaturalist.org/photos/392587076/medium.jpeg
221756329,72d48494-c7ad-47a3-9694-1df8cf51b713,https://inaturalist-open-data.s3.amazonaws.com/photos/392743868/medium.jpeg
221800084,d8add6c2-7d0f-4383-b519-3dec1ccfef6b,https://inaturalist-open-data.s3.amazonaws.com/photos/395144463/medium.jpg
221811567,141c06da-f540-439c-981e-11b9ec2cb0f5,https://static.inaturalist.org/photos/392844386/medium.jpg
221837879,bf66096f-0aed-49aa-8606-a4bf9db9ea87,https://inaturalist-open-data.s3.amazonaws.com/photos/392893841/medium.jpg
221859190,acacddcc-9656-4f4c-8a51-e5c38fa7afdb,https://inaturalist-open-data.s3.amazonaws.com/photos/392932592/medium.jpeg
221965695,68bdb13e-97b8-4508-8e00-fa6184228620,https://static.inaturalist.org/photos/393137654/medium.jpeg
221991659,cf921714-53c3-4f9f-b738-6e671a7f83bc,https://static.inaturalist.org/photos/418843049/medium.jpeg
221994769,9e208ec4-dfc6-4c92-91c9-3fecdf8df95f,https://inaturalist-open-data.s3.amazonaws.com/photos/393193247/medium.jpeg
221995244,d5374181-6c94-4bbf-8152-47913977c4de,https://inaturalist-open-data.s3.amazonaws.com/photos/393195291/medium.jpg
221997665,a33c7eb2-5bfe-463c-8658-c8e37c7c814b,https://inaturalist-open-data.s3.amazonaws.com/photos/393198910/medium.jpeg
222005632,cea2d460-e5e8-4f14-90c7-74446ea067b2,https://inaturalist-open-data.s3.amazonaws.com/photos/393948173/medium.jpg
222010024,15639fb8-af57-41bf-84f5-80cb32febc94,https://inaturalist-open-data.s3.amazonaws.com/photos/393219499/medium.jpeg
222025748,cff0d205-42aa-44fe-8ca9-782a0afc2cdb,https://inaturalist-open-data.s3.amazonaws.com/photos/393248581/medium.jpg
222030339,786d5139-ca85-481d-bce7-bde6c9b9a4e1,https://inaturalist-open-data.s3.amazonaws.com/photos/393256215/medium.jpg
222035641,2915e055-9564-49e4-9a96-05812db165aa,https://inaturalist-open-data.s3.amazonaws.com/photos/393266113/medium.jpg
222073570,ec102625-a64e-47e2-a59c-7b7b7de96b54,https://static.inaturalist.org/photos/393335019/medium.jpeg
222079321,796db68d-76a2-47a2-a9cd-77ff10d41ffa,https://inaturalist-open-data.s3.amazonaws.com/photos/393346560/medium.jpg
222099623,e164edc7-7ce8-4fc9-97bc-7f7358dd3019,https://inaturalist-open-data.s3.amazonaws.com/photos/393384411/medium.jpeg
222209984,d359438a-68d9-403b-8a8f-710839f3fb27,https://inaturalist-open-data.s3.amazonaws.com/photos/393599274/medium.jpeg
222217378,a4cf7d61-b957-43ed-bb02-272f5a330bc7,https://inaturalist-open-data.s3.amazonaws.com/photos/393611690/medium.jpeg
222242667,2cab978d-62d6-4397-ac23-92ed1af05bb1,https://inaturalist-open-data.s3.amazonaws.com/photos/393657336/medium.jpeg
222285684,bdd062ac-cbe8-45cd-a38d-7740f9be16d7,https://inaturalist-open-data.s3.amazonaws.com/photos/393735394/medium.jpeg
222309785,e4c25d4a-fbb5-456b-9dd8-47ebf81f1115,https://inaturalist-open-data.s3.amazonaws.com/photos/393781226/medium.jpg
222438808,cf582f22-8d20-44a7-9a03-1f4ec410ea6a,https://inaturalist-open-data.s3.amazonaws.com/photos/394027915/medium.jpg
222447185,37a861c3-122f-48db-9986-d3ffb2412b23,https://static.inaturalist.org/photos/394042683/medium.jpeg
222461864,a5fc649c-7656-4a57-ad03-51b2da242fc6,https://static.inaturalist.org/photos/394068414/medium.jpeg
222590819,44ed552f-3a30-41ca-87ea-d48433b85615,https://inaturalist-open-data.s3.amazonaws.com/photos/394316677/medium.jpg
222591916,d5189bd0-2944-4140-b1e2-23fbcc2a0554,https://inaturalist-open-data.s3.amazonaws.com/photos/394318529/medium.jpg
222592641,866549d9-89d1-4d6d-a8e1-a23de93dc29d,https://inaturalist-open-data.s3.amazonaws.com/photos/394319903/medium.jpeg
222604043,ff6fb0c0-660f-48bc-9766-8166a5a8e74f,https://static.inaturalist.org/photos/394341288/medium.jpg
222628027,c02331ec-b600-4284-836b-b504e8545eb2,https://static.inaturalist.org/photos/394384984/medium.jpeg
222628209,04e56b8c-ef06-4feb-92c9-1ac5b9d053f3,https://static.inaturalist.org/photos/394385522/medium.jpeg
222630827,e84c0a3d-6f3b-4b6b-b3ed-ac06a4aeb8cd,https://inaturalist-open-data.s3.amazonaws.com/photos/394389790/medium.jpeg
222646706,46a2f0fa-af91-48b4-9759-d78691791a86,https://inaturalist-open-data.s3.amazonaws.com/photos/394417496/medium.jpg
222667572,77f1473d-6903-47f7-ad25-f347842cb558,https://static.inaturalist.org/photos/394454592/medium.jpeg
222676820,cb430dbf-29e0-40a7-b942-8b83120c7f03,https://inaturalist-open-data.s3.amazonaws.com/photos/394471309/medium.jpeg
222685715,dfa3bdec-d1a7-4a3d-8403-bbd835032c22,https://inaturalist-open-data.s3.amazonaws.com/photos/394487536/medium.jpeg
222686679,373899d8-38b7-4f69-9c34-1b64fa8d0da5,https://static.inaturalist.org/photos/394489332/medium.jpeg
222701508,55466969-3dd4-457b-8888-fa55f2df1bf3,https://static.inaturalist.org/photos/394519181/medium.jpeg
222710197,538b646d-7b76-41d2-8f23-c63c846ee3f2,https://inaturalist-open-data.s3.amazonaws.com/photos/394535010/medium.jpeg
222710493,9f09351b-8f53-4222-9a96-7a242b839db4,https://inaturalist-open-data.s3.amazonaws.com/photos/394535414/medium.jpeg
222822561,1a458802-8a98-4eac-ba8c-02d84979d4b7,https://inaturalist-open-data.s3.amazonaws.com/photos/394747197/medium.jpg
222828895,893c317c-ff74-45e1-812a-eb74262ae731,https://inaturalist-open-data.s3.amazonaws.com/photos/394758822/medium.jpeg
222828933,9d1b45e7-6bfe-4238-b25d-555750743551,https://inaturalist-open-data.s3.amazonaws.com/photos/394758881/medium.jpeg
222834805,97660e6d-b7c0-4f4a-8cd2-bf4a4e12b48c,https://inaturalist-open-data.s3.amazonaws.com/photos/394770146/medium.jpg
222840073,dfce5309-4dc2-41d9-a228-60b5b6fe2248,https://inaturalist-open-data.s3.amazonaws.com/photos/394779853/medium.jpeg
222843301,5892f876-1424-4087-965b-dbcf0565cdb9,https://inaturalist-open-data.s3.amazonaws.com/photos/394785247/medium.jpeg
222843354,8fc11137-53e6-4cee-93be-abb8eaccc2fb,https://inaturalist-open-data.s3.amazonaws.com/photos/394785338/medium.jpeg
222854314,61db33c0-83ff-4cc6-b03a-32dfdb39fe8b,https://inaturalist-open-data.s3.amazonaws.com/photos/394805583/medium.jpeg
222871265,1687244c-7d06-4eb6-a6bf-364eae8af6b4,https://static.inaturalist.org/photos/394835152/medium.jpg
222872005,015efa1f-a390-4458-9561-50b31e463ad8,https://static.inaturalist.org/photos/394908569/medium.jpg
222946445,c0229ee2-6c08-4bcf-a0c9-210a810e995a,https://static.inaturalist.org/photos/394974175/medium.jpg
222951432,792831c1-ad78-4a84-91bd-e99ed87fec51,https://inaturalist-open-data.s3.amazonaws.com/photos/394983081/medium.jpeg
222951538,d4785383-ac8d-4e23-a95e-c5305536adf2,https://inaturalist-open-data.s3.amazonaws.com/photos/394983786/medium.jpeg
222956284,22ab286d-0bac-4844-b365-888f1da6469c,https://inaturalist-open-data.s3.amazonaws.com/photos/394993757/medium.jpeg
222958919,5e289a29-99c0-4fdd-9239-7a9e6fa0aaee,https://inaturalist-open-data.s3.amazonaws.com/photos/394997785/medium.jpeg
223032058,ce55dbc2-88fa-49f4-afc6-68b3e7843bc1,https://inaturalist-open-data.s3.amazonaws.com/photos/395143675/medium.jpeg
223041879,9183fd27-68e9-499c-b1d0-b56f218e7557,https://inaturalist-open-data.s3.amazonaws.com/photos/395163315/medium.jpeg
223046969,81109ac3-2e74-47b3-9fc8-9732ceac2c1b,https://inaturalist-open-data.s3.amazonaws.com/photos/395189878/medium.jpg
223047281,6e4a09b3-5a98-48f2-8847-76ca432eeae7,https://static.inaturalist.org/photos/395173190/medium.jpg
223050636,bf9239e4-b883-4667-bc40-e590ef718eff,https://inaturalist-open-data.s3.amazonaws.com/photos/395178108/medium.jpeg
223051792,12a6e072-67b7-4f92-b484-03e09108e34b,https://inaturalist-open-data.s3.amazonaws.com/photos/395179919/medium.jpeg
223059871,b10afda9-1b10-4bf3-bd3b-e7b45eb6bb6e,https://inaturalist-open-data.s3.amazonaws.com/photos/395194448/medium.jpg
223072597,267ac3e9-731c-4e36-ae59-586299ca3123,https://static.inaturalist.org/photos/395217424/medium.jpg
223113251,e325a21f-0e48-4b95-9322-8304418709f1,https://inaturalist-open-data.s3.amazonaws.com/photos/395287827/medium.jpeg
223199693,a30660cb-afd6-488f-a351-669769bb1f01,https://inaturalist-open-data.s3.amazonaws.com/photos/395450735/medium.jpeg
223199795,ebbf5c2c-b5b5-4bde-89ae-a73d57cd5e7f,https://static.inaturalist.org/photos/395475082/medium.jpeg
223206731,f2755d1f-7dbc-46be-b56b-4fbfcbcf3405,https://static.inaturalist.org/photos/395462018/medium.jpeg
223287343,64e37832-bb45-4706-9e16-0db05170584a,https://inaturalist-open-data.s3.amazonaws.com/photos/395620437/medium.jpeg
223293636,76f5e168-3d1a-4e11-8879-2d0cacc52ed0,https://inaturalist-open-data.s3.amazonaws.com/photos/395632750/medium.jpeg
223298218,f9bc0f5f-cc8d-4e92-b075-c9c3d1cba603,https://inaturalist-open-data.s3.amazonaws.com/photos/396185176/medium.jpeg
223299635,8b1993cc-82d1-41de-b1f0-0cad5127e0cb,https://inaturalist-open-data.s3.amazonaws.com/photos/395644258/medium.jpeg
223306497,27339343-cb68-48a2-82af-2f3abb15d8bd,https://inaturalist-open-data.s3.amazonaws.com/photos/395656436/medium.jpeg
223361203,3b593821-656b-49c2-a5b2-76d12f830145,https://static.inaturalist.org/photos/395755265/medium.jpg
223361434,cd424d98-80da-404e-92b0-a2a234e55728,https://inaturalist-open-data.s3.amazonaws.com/photos/395755610/medium.jpeg
223367857,8d66b580-cf55-47a3-90c7-e764e30acb47,https://inaturalist-open-data.s3.amazonaws.com/photos/395767642/medium.jpeg
223379908,740502dd-d6b0-412d-a58e-1d3f97e9e3e9,https://static.inaturalist.org/photos/395791611/medium.jpeg
223396637,ffc516bd-a036-4027-af74-7719b7cda005,https://static.inaturalist.org/photos/395823042/medium.jpg
223495512,8cb141b8-70c2-465b-adde-3ef7eb3053c1,https://static.inaturalist.org/photos/396017145/medium.jpeg
223502006,17c7dd7f-67a7-45db-887f-4583b3363d6f,https://inaturalist-open-data.s3.amazonaws.com/photos/396028278/medium.jpeg
223502568,081810c7-c757-456b-b383-b905b4dd6011,https://static.inaturalist.org/photos/396029390/medium.jpg
223521756,89aa704c-3933-42cc-b4df-b07b982d9cc7,https://inaturalist-open-data.s3.amazonaws.com/photos/396064405/medium.jpeg
223545828,9663cbf3-363e-471f-be2a-c7be42a165c5,https://static.inaturalist.org/photos/396107276/medium.jpg
223545875,6b29c577-3461-436d-8962-54391fd685d1,https://static.inaturalist.org/photos/396107346/medium.jpg
223610739,501f6af0-6c73-4b71-a0ee-b25590bb96cf,https://inaturalist-open-data.s3.amazonaws.com/photos/396229388/medium.jpeg
223630087,3ce8bfd6-1c4d-48f2-bb53-d01c92b721c3,https://static.inaturalist.org/photos/396263379/medium.jpeg
223696948,eb52b69a-7865-4c2e-abda-ef5fecf5dd38,https://inaturalist-open-data.s3.amazonaws.com/photos/396397500/medium.jpeg
223704753,77ca2936-2ffb-4298-a924-965e24f280bb,https://static.inaturalist.org/photos/396412662/medium.jpg
223720793,ab9d9e2f-4a93-45ee-a668-43c144730d91,https://inaturalist-open-data.s3.amazonaws.com/photos/396442253/medium.jpg
223728836,329f42f0-9ac4-4c49-a9cb-2e72f02340d8,https://static.inaturalist.org/photos/396457315/medium.jpeg
223738779,2c0bf6c8-53f5-4625-8c36-0c2ac1793458,https://static.inaturalist.org/photos/396475072/medium.jpg
223820431,c81ea025-c297-4b72-b1b2-97b1d4d1adf2,https://inaturalist-open-data.s3.amazonaws.com/photos/396624518/medium.jpg
223863777,f811a608-5e53-412d-bf46-0bb8544581ee,https://static.inaturalist.org/photos/396695285/medium.jpeg
223925499,0949038e-37c7-4a7b-a316-5ab9eb0670df,https://inaturalist-open-data.s3.amazonaws.com/photos/398528839/medium.jpeg
223934273,e070d3c9-8e22-4912-9877-f79ebc58d695,https://inaturalist-open-data.s3.amazonaws.com/photos/396827425/medium.jpg
223934295,4da11679-4ed1-4af9-9873-125b523a7df3,https://inaturalist-open-data.s3.amazonaws.com/photos/396832498/medium.jpg
223937270,818f2787-31b7-4d1e-a7d6-d0a592de5a77,https://inaturalist-open-data.s3.amazonaws.com/photos/396839696/medium.jpeg
223965528,88085c6b-ee2f-431e-a91e-af829a5e6389,https://static.inaturalist.org/photos/396890287/medium.jpeg
224023461,7b4569b4-c5aa-4056-8507-af4a830a8fd8,https://inaturalist-open-data.s3.amazonaws.com/photos/396995743/medium.jpeg
224034379,ca6296cc-a95e-4684-83e3-d0b2284faeeb,https://inaturalist-open-data.s3.amazonaws.com/photos/397016295/medium.jpeg
224048845,873d42c9-205c-45c8-beee-a4cf5c21aec8,https://static.inaturalist.org/photos/397044599/medium.jpeg
224118354,367cf62e-5941-4b91-9ecc-4aa3d6cd2f81,https://static.inaturalist.org/photos/397179689/medium.jpeg
224176138,1231f0e0-5e53-409a-81b0-23e7c86bebc6,https://inaturalist-open-data.s3.amazonaws.com/photos/397285843/medium.jpg
224197506,051838fb-0ebf-498c-84f1-c7f1e385fb30,https://inaturalist-open-data.s3.amazonaws.com/photos/397325788/medium.jpg
224197862,dde66e8c-c22c-4aae-9e66-b1cc1b93e21e,https://inaturalist-open-data.s3.amazonaws.com/photos/397325475/medium.jpg
224225181,36a1a928-7b4c-42e4-9384-132218c98706,https://inaturalist-open-data.s3.amazonaws.com/photos/400201603/medium.jpg
224300512,ae50138c-600c-4c7e-a914-1c9d21c56f33,https://inaturalist-open-data.s3.amazonaws.com/photos/397524741/medium.jpeg
224350802,52cda2e8-a81b-483b-80eb-bbc25b332301,https://inaturalist-open-data.s3.amazonaws.com/photos/397621972/medium.jpg
224361007,a3484884-d6f1-4622-970e-1019bf05760c,https://inaturalist-open-data.s3.amazonaws.com/photos/397641021/medium.jpg
224361171,c1dfc04f-e756-4fbe-bdcb-c4fc888c1778,https://static.inaturalist.org/photos/398081090/medium.jpeg
224361966,9b8fd91f-82f5-4c25-976d-2661441de3de,https://inaturalist-open-data.s3.amazonaws.com/photos/397643290/medium.jpeg
224363874,23475dcb-5246-4a27-a09a-e23a9a35124e,https://inaturalist-open-data.s3.amazonaws.com/photos/397647081/medium.jpeg
224366055,6a8f3ff0-0bb9-49f1-b275-6b7ff1e6ff6f,https://inaturalist-open-data.s3.amazonaws.com/photos/397643702/medium.jpg
224368779,5e5332e9-d348-40ab-ae99-40b60802d91d,https://inaturalist-open-data.s3.amazonaws.com/photos/397655934/medium.jpg
224370822,a2929a29-8a13-4459-a558-81815826ab84,https://inaturalist-open-data.s3.amazonaws.com/photos/397659520/medium.jpeg
224373740,b76071c3-c347-4675-8c22-82a677c3a41c,https://inaturalist-open-data.s3.amazonaws.com/photos/398087825/medium.jpeg
224392929,0bfa57b7-c17f-4bbd-b551-5ece092fe844,https://inaturalist-open-data.s3.amazonaws.com/photos/397700715/medium.jpg
224393917,ed05d70e-4bc0-44bf-b4ec-dfb51c7fec31,https://static.inaturalist.org/photos/397702553/medium.jpeg
224394177,68d4a92a-88da-4d14-abc8-0a02c6d69212,https://static.inaturalist.org/photos/397702932/medium.jpeg
224394484,1192c6bd-24ed-4333-bb18-698419abd10b,https://static.inaturalist.org/photos/397703618/medium.jpg
224406787,98df1e0a-21a7-4044-bc5b-7deae9f77b0f,https://inaturalist-open-data.s3.amazonaws.com/photos/397743973/medium.jpg
224420573,02465963-1fe7-4ed1-935e-07190dab1694,https://static.inaturalist.org/photos/397750059/medium.jpg
224421636,017c665d-d84b-4597-a709-b7d1105a0185,https://inaturalist-open-data.s3.amazonaws.com/photos/397752197/medium.jpg
224462829,39b507bf-886e-40f7-bb3b-f19f3d67b9a9,https://inaturalist-open-data.s3.amazonaws.com/photos/397824152/medium.jpg
224515621,e75dc58e-0d99-4b17-842f-247ecd35155f,https://inaturalist-open-data.s3.amazonaws.com/photos/397933150/medium.jpeg
224576321,e7231a52-b36c-408f-8a00-511539e29830,https://static.inaturalist.org/photos/398054852/medium.jpg
224577348,c2920fa5-7823-482f-b07b-3b200463a389,https://inaturalist-open-data.s3.amazonaws.com/photos/398056570/medium.jpg
224588275,074d9c34-c330-4dfb-9cac-a41f68c4d0ed,https://inaturalist-open-data.s3.amazonaws.com/photos/398076790/medium.jpeg
224595223,08d46595-6738-4bbb-9f38-8aa451eff199,https://static.inaturalist.org/photos/398088964/medium.jpeg
224610637,78100b82-9c3e-483a-8c4e-97394ba888dd,https://static.inaturalist.org/photos/398132752/medium.jpeg
224621308,ba188f8a-4490-4a0c-9dc2-6021ab9bd9b5,https://inaturalist-open-data.s3.amazonaws.com/photos/398136113/medium.jpeg
224626373,cb65e7bb-0354-4ba2-ae9e-c0776790c09b,https://static.inaturalist.org/photos/399413809/medium.jpeg
224631661,6fc6c2c2-b71c-46ca-a470-db503e0f2691,https://inaturalist-open-data.s3.amazonaws.com/photos/398156174/medium.jpg
224643570,e75abe09-0c2a-4993-a857-6959b8a49f11,https://inaturalist-open-data.s3.amazonaws.com/photos/398195227/medium.jpeg
224656658,042494e6-23bc-48ae-acb7-46bf9316b502,https://inaturalist-open-data.s3.amazonaws.com/photos/398195886/medium.jpeg
224668059,586f5911-cf61-4d22-85d6-9b90cd4d066d,https://static.inaturalist.org/photos/398220318/medium.jpeg
224672742,cb285fc8-ce63-4bb0-a9de-acf5ca37d440,https://inaturalist-open-data.s3.amazonaws.com/photos/398228369/medium.jpeg
224683202,b97894c5-076a-4a3d-baff-5413bda58b51,https://inaturalist-open-data.s3.amazonaws.com/photos/398248574/medium.jpg
224701666,6eb44f3a-696b-4561-ba8f-5fc2ea664f8c,https://inaturalist-open-data.s3.amazonaws.com/photos/398283680/medium.jpg
224713806,173aecc7-01ac-47c1-8826-d3637deff2e6,https://static.inaturalist.org/photos/398306508/medium.jpg
224734686,7dcb0137-2d9a-4d27-9848-fe91e3e89cc6,https://static.inaturalist.org/photos/398349549/medium.jpeg
224739475,a80cb750-ee00-458a-9e6d-fabb4c020177,https://inaturalist-open-data.s3.amazonaws.com/photos/398357736/medium.jpeg
224822778,e8cbc482-e4b2-4e35-b562-48f3dc730ce4,https://static.inaturalist.org/photos/398520460/medium.jpg
224826849,a981da7a-d23c-4f40-ad4e-b17d1cecbab2,https://inaturalist-open-data.s3.amazonaws.com/photos/398530122/medium.jpg
224831762,b9a565fd-bab0-4a32-96a8-ab9aa515f9f2,https://static.inaturalist.org/photos/398539168/medium.jpg
224838442,81d99957-6155-42dc-93bc-905bea0d8ec8,https://static.inaturalist.org/photos/398551954/medium.jpeg
224844480,b7a603ae-96a7-4283-a836-d89b5fe9e7ab,https://inaturalist-open-data.s3.amazonaws.com/photos/398562296/medium.jpeg
224844686,155afbeb-c344-42b5-8e96-4e060a9b02b4,https://static.inaturalist.org/photos/398562680/medium.jpeg
224863211,e20be425-3fd1-47f3-8102-f101eefc93ff,https://static.inaturalist.org/photos/398596604/medium.jpg
224866390,7d01d1c8-fc8e-4420-a973-50974d6d0a13,https://inaturalist-open-data.s3.amazonaws.com/photos/398602734/medium.jpeg
224868695,739a6e94-fa99-40a1-8cf3-793de66f619d,https://static.inaturalist.org/photos/398607159/medium.jpeg
224870196,a7b2a8fc-5372-4791-a1ac-273183f655dc,https://inaturalist-open-data.s3.amazonaws.com/photos/398609780/medium.jpeg
224870637,58263470-8659-4fc2-82cb-37881c3e65b3,https://inaturalist-open-data.s3.amazonaws.com/photos/398610618/medium.jpeg
224898577,26484f1e-2228-4de9-b4da-788756a02a9d,https://static.inaturalist.org/photos/398662840/medium.jpeg
224919806,a165efc8-a541-441e-b09d-851814e5fe28,https://inaturalist-open-data.s3.amazonaws.com/photos/398701245/medium.jpg
224940322,4b80a17b-3a9f-43be-ac5a-4fc26482a0cf,https://inaturalist-open-data.s3.amazonaws.com/photos/398740048/medium.jpeg
224977683,6cf5b75c-8f65-457c-b201-a36e6070aaba,https://inaturalist-open-data.s3.amazonaws.com/photos/398814074/medium.jpg
225046781,cf49946e-8e41-44e7-b87c-be1ccfb49af3,https://static.inaturalist.org/photos/398953663/medium.jpeg
225058695,c3114096-0361-49a8-a93e-1de697b65413,https://inaturalist-open-data.s3.amazonaws.com/photos/398969963/medium.jpeg
225058696,b061b691-c79d-4ff0-ab8e-491247834b54,https://inaturalist-open-data.s3.amazonaws.com/photos/398970021/medium.jpeg
225069054,df8e0266-b072-47dc-990d-9a8ab63e08cb,https://inaturalist-open-data.s3.amazonaws.com/photos/398994156/medium.jpeg
225146655,122a6e2c-c1e2-4c4b-bac9-5384360abe60,https://inaturalist-open-data.s3.amazonaws.com/photos/399136060/medium.jpg
225153544,0818cd4a-1248-41bd-bb61-abfb4da05640,https://static.inaturalist.org/photos/399152550/medium.jpeg
225240370,1c7d9d6a-e85f-407b-99ac-8288b8ba3bbd,https://static.inaturalist.org/photos/399322467/medium.jpeg
225266126,5aa38470-e231-4b83-8d1b-1917042f2545,https://static.inaturalist.org/photos/399371483/medium.jpeg
225267087,9a9742a6-acd8-4b16-a34a-0dcbb80ea8f5,https://inaturalist-open-data.s3.amazonaws.com/photos/399372877/medium.jpeg
225268682,837da24b-689c-44ff-b418-ecadaa5c69b8,https://inaturalist-open-data.s3.amazonaws.com/photos/399375529/medium.jpeg
225276163,0bd0fcc6-69f8-4537-a04e-0056cf43a2e0,https://inaturalist-open-data.s3.amazonaws.com/photos/399388444/medium.jpeg
225286815,d3a07907-7e90-4ff5-9b9f-9da9d6480eb9,https://static.inaturalist.org/photos/399408269/medium.jpeg
225305205,78928cfd-53c7-4608-a4e9-e99e77067118,https://inaturalist-open-data.s3.amazonaws.com/photos/399441340/medium.jpeg
225334049,f7bd8bde-4ff0-4929-a646-ed8c93e7cbbf,https://static.inaturalist.org/photos/399495060/medium.jpeg
225334132,a36e073e-ce58-4362-b4ce-784e35eb4f85,https://static.inaturalist.org/photos/399495214/medium.jpeg
225336608,ddf6ae4b-3212-498f-90de-e3f0d834063e,https://static.inaturalist.org/photos/399500019/medium.jpeg
225356444,43916516-1bd8-4caa-9a46-0a54083d1085,https://inaturalist-open-data.s3.amazonaws.com/photos/399536740/medium.jpg
225366769,ed4af655-d681-4ed8-b0d6-95f425be4684,https://inaturalist-open-data.s3.amazonaws.com/photos/399556580/medium.jpg
225368828,cd339f12-9203-4182-862b-d16445159649,https://inaturalist-open-data.s3.amazonaws.com/photos/399556776/medium.jpg
225484332,7df6d9e2-d879-46ca-8902-6ecce874f2dd,https://inaturalist-open-data.s3.amazonaws.com/photos/399784963/medium.jpeg
225527351,2aadbde1-0c88-42b4-85a6-2dc1f3fb4d3a,https://inaturalist-open-data.s3.amazonaws.com/photos/399862852/medium.jpeg
225533371,d9a85d60-ca26-4cdd-afce-7a6fa6986185,https://inaturalist-open-data.s3.amazonaws.com/photos/399873317/medium.jpeg
225591079,17831256-b9bc-4736-b6d9-c97a3cc7df0f,https://inaturalist-open-data.s3.amazonaws.com/photos/399983253/medium.jpg
225732805,535fdd46-0ff8-4db1-aaa7-b342da8d1288,https://inaturalist-open-data.s3.amazonaws.com/photos/400252986/medium.jpg
225733187,fcecae39-0dc1-4bb7-9db8-44cd84018192,https://static.inaturalist.org/photos/400252643/medium.jpg
225733249,613aae94-25dc-4758-b090-15b4541be517,https://inaturalist-open-data.s3.amazonaws.com/photos/400252708/medium.jpg
225733273,bc9dd622-d9b4-4555-9bac-9eb7417bec3c,https://inaturalist-open-data.s3.amazonaws.com/photos/400252728/medium.jpeg
225737292,12043628-aa21-4139-864a-08424f503f95,https://static.inaturalist.org/photos/400260006/medium.jpeg
225774288,47722e5a-08ca-429f-80ce-c1f7faa92f57,https://inaturalist-open-data.s3.amazonaws.com/photos/400329579/medium.jpg
225788439,e3cc17ce-895d-4d77-b2b9-f4ba97f8ef67,https://inaturalist-open-data.s3.amazonaws.com/photos/400357563/medium.jpeg
225881644,d3069479-4023-48c8-8707-a8ad92576a59,https://inaturalist-open-data.s3.amazonaws.com/photos/400534079/medium.jpeg
225914253,aff492a4-6ad1-4e35-943f-05af3fdd6396,https://inaturalist-open-data.s3.amazonaws.com/photos/400594268/medium.jpg
225919122,1efb11b2-612b-4b7b-963c-7bc3d654b642,https://inaturalist-open-data.s3.amazonaws.com/photos/400603006/medium.jpeg
225923507,b93eba41-10b8-4b16-b5b6-6943b3a5c7f2,https://inaturalist-open-data.s3.amazonaws.com/photos/400611313/medium.jpeg
226126369,c81192c0-2171-45e0-b906-a9d2a712cdfd,https://static.inaturalist.org/photos/401030506/medium.jpeg
226134003,f9f0f45a-9da7-46af-aae1-ebfee77b4e48,https://static.inaturalist.org/photos/401014227/medium.jpeg
226168325,a194f3e8-009c-495c-b4f6-997f19b6d3db,https://static.inaturalist.org/photos/401078265/medium.jpeg
226171332,bd441aa5-03db-4add-b35f-7a3308cd5ab4,https://inaturalist-open-data.s3.amazonaws.com/photos/401083732/medium.jpeg
226188362,5abcf5b2-cc91-4bbd-a47b-7d2dca587e96,https://inaturalist-open-data.s3.amazonaws.com/photos/401114507/medium.jpg
226194161,10cf57e3-6e8d-4552-8fb6-2b3120f4a340,https://inaturalist-open-data.s3.amazonaws.com/photos/401141762/medium.jpg
226194228,c04242cb-6497-4d21-8159-3defc2c97cf4,https://inaturalist-open-data.s3.amazonaws.com/photos/401125587/medium.jpeg
226255450,cfec0b22-0a01-44cd-a606-b8e34927a75b,https://inaturalist-open-data.s3.amazonaws.com/photos/401237594/medium.jpg
226267463,3fced011-6f23-4549-b6dc-095e7f48edfc,https://inaturalist-open-data.s3.amazonaws.com/photos/401240602/medium.jpeg
226389156,a966633c-0149-4e6b-9d9c-7ddb1d9e66d0,https://inaturalist-open-data.s3.amazonaws.com/photos/401499311/medium.jpg
226412093,8e2e4912-a6d5-4d2b-951e-1ba581e1352a,https://inaturalist-open-data.s3.amazonaws.com/photos/401541812/medium.jpeg
226442894,b74d792c-51bb-443f-b442-a4eba3d87428,https://inaturalist-open-data.s3.amazonaws.com/photos/401600893/medium.jpg
226455792,2b3b2cdf-134e-409d-9776-403ea59f327f,https://inaturalist-open-data.s3.amazonaws.com/photos/401625245/medium.jpeg
226456963,4d4cdfe0-a621-4e04-b167-2968344f1236,https://inaturalist-open-data.s3.amazonaws.com/photos/401627570/medium.jpeg
226481278,b410e5e0-9cc9-48ef-bbe2-06f31c7bb10f,https://static.inaturalist.org/photos/401673713/medium.jpeg
226487454,aa295822-8f6e-4cde-8257-720072588cb2,https://static.inaturalist.org/photos/401686383/medium.jpeg
226532756,83462fad-6a66-44a7-8a7c-76bcdf41400f,https://static.inaturalist.org/photos/401769031/medium.jpeg
226536631,a6f15c02-ac15-489e-ad40-4a992f054ecc,https://inaturalist-open-data.s3.amazonaws.com/photos/401776342/medium.jpeg
226624055,e25fd3a1-034d-4c92-8887-ceeac12c34ee,https://static.inaturalist.org/photos/401949522/medium.jpg
226688280,234d55e0-efc7-4470-bc65-7a97e307ad30,https://inaturalist-open-data.s3.amazonaws.com/photos/402064144/medium.jpeg
226706549,2ebe722e-d091-4e2d-a945-83ec231ef342,https://static.inaturalist.org/photos/403223489/medium.jpeg
226740273,b5fc8005-3c7c-48d0-b849-22cb32a27551,https://static.inaturalist.org/photos/402160268/medium.jpeg
226761950,6552c99c-f50d-4bc3-b8c9-8ac61fe8de7d,https://static.inaturalist.org/photos/402202092/medium.jpg
226766811,6c0e813e-676b-4be7-a2d2-c325aafa79d3,https://static.inaturalist.org/photos/402210615/medium.jpg
226778289,0994e3bc-567b-40ad-9fe1-41d6f6fc9bd4,https://inaturalist-open-data.s3.amazonaws.com/photos/402232752/medium.jpeg
226861707,7daaa2f2-4406-4f58-9ebe-e4539ea2b13e,https://static.inaturalist.org/photos/402393955/medium.jpeg
226864637,5adf29b7-6bdf-49a4-b445-79f7637328d3,https://inaturalist-open-data.s3.amazonaws.com/photos/402398844/medium.jpeg
226923867,5f2d44eb-e881-417b-a913-9e1ec6da1cd4,https://inaturalist-open-data.s3.amazonaws.com/photos/402505360/medium.jpeg
226959294,7dcb867f-a9c2-4ad8-b19e-65889bf09c74,https://static.inaturalist.org/photos/402570657/medium.jpg
226959763,3c91c661-e737-4778-854b-da222fa2dc4a,https://inaturalist-open-data.s3.amazonaws.com/photos/402571394/medium.jpg
227065885,b9b0d571-b06a-4171-8398-d2c32be358be,https://inaturalist-open-data.s3.amazonaws.com/photos/402776967/medium.jpg
227109372,a7588b5a-5b71-4cb6-8b45-b6cc0d07f276,https://inaturalist-open-data.s3.amazonaws.com/photos/402856491/medium.jpeg
227111166,f007772c-0dfc-4143-9638-31a336b3b82a,https://inaturalist-open-data.s3.amazonaws.com/photos/402858935/medium.jpeg
227119241,a4fe807c-e5f0-4391-a58d-d0d973718919,https://inaturalist-open-data.s3.amazonaws.com/photos/402871508/medium.jpeg
227140108,3e88c015-6b79-4092-9e18-157d26e734e0,https://inaturalist-open-data.s3.amazonaws.com/photos/402913332/medium.jpg
227149316,7f2b5618-d09b-492c-9291-da6488d8ca1b,https://inaturalist-open-data.s3.amazonaws.com/photos/402930343/medium.jpeg
227170157,5d4216ad-9877-44a4-b981-a71d499a91ec,https://static.inaturalist.org/photos/402967414/medium.jpeg
227251008,79ab420f-841c-491a-83b2-832cda9cbca6,https://static.inaturalist.org/photos/403126945/medium.jpeg
227311268,94a58fae-10a1-403c-b83c-e2f8b247cdae,https://inaturalist-open-data.s3.amazonaws.com/photos/403230553/medium.jpg
227356867,439f2071-84c6-42fc-ad44-63ca40422872,https://static.inaturalist.org/photos/403326383/medium.jpeg
227388606,3db75022-13b5-447c-a007-d8f23dceb4cb,https://static.inaturalist.org/photos/404223073/medium.jpg
227477551,8edce490-3607-48ff-8632-a576750d0427,https://static.inaturalist.org/photos/403556788/medium.jpeg
227484191,f162fb9a-cc04-4d36-a650-0ef7b6cfa6f5,https://inaturalist-open-data.s3.amazonaws.com/photos/403564453/medium.jpeg
227487463,545e2d15-5e2c-44a5-9135-7c121c37bf9a,https://static.inaturalist.org/photos/405314435/medium.jpeg
227503237,6b03cc5c-8dd0-47ac-ac19-841d134f1a45,https://inaturalist-open-data.s3.amazonaws.com/photos/403603630/medium.jpeg
227514192,d6e14a2e-a5c1-4b19-a4a8-8a7962863b08,https://inaturalist-open-data.s3.amazonaws.com/photos/403626744/medium.jpeg
227559528,47f3beef-802d-4681-8a68-a3637909e97c,https://static.inaturalist.org/photos/403707874/medium.jpeg
227559617,156fd124-db65-4f4b-8803-4a51fa5070ca,https://static.inaturalist.org/photos/403708088/medium.jpeg
227559767,debdd270-b095-4466-b993-6dbd96f67eb2,https://static.inaturalist.org/photos/403708343/medium.jpeg
227560266,af5cea6f-e90b-4530-b7e3-d45510213c41,https://inaturalist-open-data.s3.amazonaws.com/photos/403709236/medium.jpeg
227560318,152e172d-c312-4988-a3aa-831728287b56,https://inaturalist-open-data.s3.amazonaws.com/photos/403709382/medium.jpeg
227574189,24e676cb-daa9-41e3-8f0d-a22c36f7043e,https://inaturalist-open-data.s3.amazonaws.com/photos/403735123/medium.jpeg
227593739,b128e728-ccd1-41c4-848a-32beebb59ade,https://inaturalist-open-data.s3.amazonaws.com/photos/403773261/medium.jpeg
227714542,de28240d-1905-4607-bd57-affcd45ccc36,https://inaturalist-open-data.s3.amazonaws.com/photos/404003578/medium.jpeg
227729025,ab47f30d-fe05-4495-bcb3-5089a693f307,https://inaturalist-open-data.s3.amazonaws.com/photos/404042369/medium.jpg
227740206,e18e70e5-5fd7-440a-983c-3c441c70d6db,https://inaturalist-open-data.s3.amazonaws.com/photos/404050914/medium.jpeg
227756683,d9a181e8-5c16-4c57-9ac3-35aad4f130d8,https://static.inaturalist.org/photos/404080741/medium.jpeg
227791926,1d106ce4-db1e-40c4-9dec-1a632158475e,https://inaturalist-open-data.s3.amazonaws.com/photos/404144629/medium.jpg
227805217,dc8f46b9-4e35-4c55-b720-8ca2938b317c,https://static.inaturalist.org/photos/404168772/medium.jpeg
227810378,608605b1-be97-4436-b0e3-d7423850676a,https://static.inaturalist.org/photos/404179205/medium.jpeg
227823376,d07990ed-dbd0-4eca-8f8f-26eb750dc35a,https://inaturalist-open-data.s3.amazonaws.com/photos/404203751/medium.jpg
227852932,82006d0d-4972-4689-bb15-59566c8a7dcc,https://inaturalist-open-data.s3.amazonaws.com/photos/404261331/medium.jpg
227853478,7414471e-6e3f-4cf6-9fd1-bfe4febcacd2,https://inaturalist-open-data.s3.amazonaws.com/photos/404261566/medium.jpeg
227857494,1a0a3f03-5ba2-4124-9b7a-e16cc4755820,https://static.inaturalist.org/photos/404268595/medium.jpeg
227878910,48e62a77-d68f-49c7-905b-7d4b36edce0b,https://inaturalist-open-data.s3.amazonaws.com/photos/404309786/medium.jpg
227965122,ba81f45b-6b04-49e9-a5c4-bfa623f36d22,https://inaturalist-open-data.s3.amazonaws.com/photos/404481357/medium.jpeg
227973259,ec7e8aa7-e0cc-4a11-820a-365818a611e8,https://inaturalist-open-data.s3.amazonaws.com/photos/404497376/medium.jpg
227973312,915fc8f4-cfec-422a-aa52-ab8e98e30ac0,https://inaturalist-open-data.s3.amazonaws.com/photos/404495076/medium.jpg
227977792,2abb8984-7d27-4fcd-a4a8-9c6626816a1f,https://inaturalist-open-data.s3.amazonaws.com/photos/404503198/medium.jpeg
227980436,34502f69-fa71-4dc8-a3f4-8ac9b659bbc9,https://inaturalist-open-data.s3.amazonaws.com/photos/404507098/medium.jpg
227982987,1d1f6e3c-72ef-4424-999b-d521a9a1c4a9,https://static.inaturalist.org/photos/404510306/medium.jpg
228066619,494af7fc-0dbe-48e6-b6ab-a790b7549802,https://static.inaturalist.org/photos/404669287/medium.jpg
228177956,5b94bd54-4a0c-47b5-8ab1-5c87065f9015,https://inaturalist-open-data.s3.amazonaws.com/photos/404882985/medium.jpeg
228213604,f6f8849b-ef48-4cd3-91ac-e7419fd05c69,https://inaturalist-open-data.s3.amazonaws.com/photos/404950995/medium.jpeg
228216264,e505a856-db0c-4f67-9dc4-d3a3f1747335,https://static.inaturalist.org/photos/404967302/medium.jpeg
228217680,2357c66b-93c8-4c3c-a52c-e293672e57b8,https://inaturalist-open-data.s3.amazonaws.com/photos/404958566/medium.jpeg
228222354,18cce6e8-e53d-4522-a8ab-be3ce32a5798,https://static.inaturalist.org/photos/404967682/medium.jpeg
228222647,5197495f-7f40-4853-81d8-baeb3113fd66,https://inaturalist-open-data.s3.amazonaws.com/photos/404968173/medium.jpeg
228223876,adfd12e6-4c7d-4593-bbd6-db7d3d963af7,https://inaturalist-open-data.s3.amazonaws.com/photos/404970264/medium.jpg
228239603,b9f0f844-0f7e-4c1e-8628-84a4dfc6b630,https://inaturalist-open-data.s3.amazonaws.com/photos/405000895/medium.jpg
228252489,dce0fd74-ba4c-40de-917b-27a0ac8f00a4,https://inaturalist-open-data.s3.amazonaws.com/photos/405020596/medium.jpg
228258956,4db9202f-1b46-4e5e-81bf-70e2fa2c90bb,https://inaturalist-open-data.s3.amazonaws.com/photos/405032590/medium.jpg
228264944,62d2cf47-413e-46fb-a388-10bfc4035ef6,https://inaturalist-open-data.s3.amazonaws.com/photos/405042578/medium.jpeg
228265609,35815a6d-1e45-488b-ae9c-c720c24ffc70,https://inaturalist-open-data.s3.amazonaws.com/photos/405043905/medium.jpg
228269073,e11f3302-f814-4a3a-bf61-9ca0f7915764,https://static.inaturalist.org/photos/405050488/medium.jpg
228375321,97f9bab1-e94a-40e4-b265-c897c532010d,https://inaturalist-open-data.s3.amazonaws.com/photos/405256019/medium.jpeg
228400406,aa6a4f12-c22a-4bc1-a9ca-1e7c34bd1b35,https://inaturalist-open-data.s3.amazonaws.com/photos/405304970/medium.jpeg
228407798,4b181254-1ad4-4df1-9b1e-9e0c3cbacb69,https://static.inaturalist.org/photos/405319145/medium.jpeg
228435066,c9fa15f2-9715-44b5-a23d-75db501e2dc5,https://inaturalist-open-data.s3.amazonaws.com/photos/405366471/medium.jpeg
228469387,74e45db3-1223-498e-a4f3-6c99c066fe06,https://static.inaturalist.org/photos/405429332/medium.jpeg
228478746,6ae05a75-3e64-4fa6-b019-d945b4d70e6a,https://inaturalist-open-data.s3.amazonaws.com/photos/405447408/medium.jpg
228481834,ac4e7f50-1949-4b17-bd39-8a17f07bdc0b,https://inaturalist-open-data.s3.amazonaws.com/photos/405451812/medium.jpeg
228484695,05b069c6-8fd7-487b-87d6-1e4a4e36b34a,https://static.inaturalist.org/photos/405457131/medium.jpg
228511415,65a9f67e-db3b-4c69-8fef-fc7be41a9177,https://inaturalist-open-data.s3.amazonaws.com/photos/405507223/medium.jpeg
228519982,0f145a3d-5ffe-4187-9f4b-52ec64f94957,https://inaturalist-open-data.s3.amazonaws.com/photos/405513137/medium.jpeg
228654825,5a2c46b5-e83f-4643-8690-5ca94955946a,https://inaturalist-open-data.s3.amazonaws.com/photos/405780951/medium.jpeg
228677729,832e95ee-babc-430b-b554-6a6e5a58c90c,https://inaturalist-open-data.s3.amazonaws.com/photos/405822430/medium.jpg
228679735,03112b7b-a37a-435e-9589-c4c618dd1e72,https://static.inaturalist.org/photos/405827707/medium.jpeg
228694988,4f3277a4-92c5-4bfd-9a50-68d0198716c0,https://static.inaturalist.org/photos/405858314/medium.jpeg
228789497,98c88595-1e17-4a95-9f5f-e1f76bb48df5,https://inaturalist-open-data.s3.amazonaws.com/photos/406045176/medium.jpeg
228802462,0ffb29c2-cda3-43de-a94c-4fef1e8e3660,https://static.inaturalist.org/photos/406068010/medium.jpeg
228836395,0d81b7a7-12ad-4599-88c3-5d0903ad2459,https://inaturalist-open-data.s3.amazonaws.com/photos/406130898/medium.jpeg
228850082,4678f492-6d76-4aee-9f0c-5398feeffef4,https://inaturalist-open-data.s3.amazonaws.com/photos/406155941/medium.jpeg
228873883,6ea0276f-c0d7-4414-983f-b2dd61b8d684,https://inaturalist-open-data.s3.amazonaws.com/photos/406201646/medium.jpeg
228972101,afaeec34-8ee5-4d11-b7d6-331fd62cda33,https://static.inaturalist.org/photos/406394790/medium.jpeg
228989520,3df0a410-4d4f-4b1c-9700-34ff295b18c6,https://inaturalist-open-data.s3.amazonaws.com/photos/406430979/medium.jpeg
229001885,0cba283f-5e86-4344-abea-9f240b6d9366,https://inaturalist-open-data.s3.amazonaws.com/photos/406452705/medium.jpeg
229001888,d4af4859-d80d-4ac6-bfbf-ac5c5c3a6df9,https://inaturalist-open-data.s3.amazonaws.com/photos/406450209/medium.jpeg
229009393,bafa2abc-75f2-4f8e-abf1-377896d87fc2,https://inaturalist-open-data.s3.amazonaws.com/photos/406463440/medium.jpeg
229024479,f792e7ed-2c3c-4f58-ad13-d04c39d52157,https://static.inaturalist.org/photos/406491073/medium.jpeg
229045972,70c16a88-15b1-43e2-be48-2a8ecdf89b6f,https://inaturalist-open-data.s3.amazonaws.com/photos/406529712/medium.jpeg
229048152,6763ec87-5be0-47cd-939a-99c2bcb862f0,https://static.inaturalist.org/photos/406533679/medium.jpg
229063776,97e9c966-cea4-438c-a5b3-ee3d3c88e9f2,https://static.inaturalist.org/photos/406561850/medium.jpeg
229067171,3b5789a9-770b-4806-845b-363e6c9b2ca1,https://static.inaturalist.org/photos/406569035/medium.jpeg
229085670,181bdf80-23d4-4ea9-96a7-15de5cd8ebff,https://inaturalist-open-data.s3.amazonaws.com/photos/406601976/medium.jpg
229100177,939a9404-9183-4275-b53c-5a8e1c6e7df5,https://inaturalist-open-data.s3.amazonaws.com/photos/406625476/medium.jpeg
229100184,de32533e-064b-44cb-9115-3720a2cd2e7a,https://inaturalist-open-data.s3.amazonaws.com/photos/406625507/medium.jpeg
229105423,4a155a1f-ee7a-4314-9e63-d0b9722cdce4,https://inaturalist-open-data.s3.amazonaws.com/photos/406640348/medium.jpeg
229121263,838b7968-8347-4753-ab6d-cfd22599ccd7,https://inaturalist-open-data.s3.amazonaws.com/photos/406672612/medium.jpeg
229217506,6383e206-5815-46f2-a654-d4f5dd01dc64,https://static.inaturalist.org/photos/407004968/medium.jpeg
229221925,277fa47c-7054-4c58-93bf-24b5911a5b44,https://inaturalist-open-data.s3.amazonaws.com/photos/406863512/medium.jpeg
229223155,7057f4aa-ccca-4268-a2d1-e53a6cff17e6,https://inaturalist-open-data.s3.amazonaws.com/photos/406864822/medium.jpeg
229245342,f589bd43-ef70-4659-a0eb-08e66f36ff02,https://inaturalist-open-data.s3.amazonaws.com/photos/406903929/medium.jpeg
229246887,62f2107b-4d17-44f9-9c64-48b63a53aea5,https://inaturalist-open-data.s3.amazonaws.com/photos/406906701/medium.jpeg
229247925,0ef3e35a-5ff0-473f-b343-a813833ff6af,https://static.inaturalist.org/photos/406908783/medium.jpeg
229248782,22f52c49-8c4b-449d-b181-360812b799ac,https://static.inaturalist.org/photos/406910404/medium.jpeg
229256516,0766f2cb-1e86-4afc-83af-85086cd15c40,https://inaturalist-open-data.s3.amazonaws.com/photos/406923611/medium.jpeg
229269044,ed8cdd73-33c7-409f-b1ad-ae052857a182,https://inaturalist-open-data.s3.amazonaws.com/photos/406947260/medium.jpeg
229274229,58277b2c-e559-464f-8841-5ecff4a62130,https://static.inaturalist.org/photos/406956471/medium.jpeg
229276765,41b4f23a-a89c-4f09-8eca-d4eacf9ef672,https://inaturalist-open-data.s3.amazonaws.com/photos/406960537/medium.jpeg
229278122,9898d588-275d-4abf-87ef-a1da11a76644,https://inaturalist-open-data.s3.amazonaws.com/photos/406963737/medium.jpeg
229306621,ef576e0d-65bd-40fa-af6e-09fab3b6dc40,https://static.inaturalist.org/photos/407015267/medium.jpeg
229328206,52406881-03b2-4826-87bc-cbf46d59b12d,https://static.inaturalist.org/photos/407055520/medium.jpeg
229328772,2b366f8a-2a02-4d24-8899-7a72f503c3ba,https://inaturalist-open-data.s3.amazonaws.com/photos/407046527/medium.jpeg
229339090,56b61a66-6a20-4599-a4c4-bec089a2deb1,https://inaturalist-open-data.s3.amazonaws.com/photos/407076927/medium.jpeg
229373067,1070675f-2525-4d94-8eb4-e92e8e49b88c,https://inaturalist-open-data.s3.amazonaws.com/photos/407142914/medium.jpeg
229378776,b033a90a-34a1-4a1d-995e-e0aee4a1f66e,https://inaturalist-open-data.s3.amazonaws.com/photos/407151965/medium.jpeg
229378782,0310f969-5337-43cb-9d1a-6ff2e5b0a99d,https://inaturalist-open-data.s3.amazonaws.com/photos/407152658/medium.jpeg
229437423,b916b676-7663-4397-9001-f887dd2ffe66,https://static.inaturalist.org/photos/407270300/medium.jpeg
229453252,1a074a01-2544-41fe-aea2-918193eb5a97,https://inaturalist-open-data.s3.amazonaws.com/photos/407299375/medium.jpeg
229468471,5f0e6bf3-843f-4f7d-996b-099237edb530,https://inaturalist-open-data.s3.amazonaws.com/photos/407327669/medium.jpeg
229473177,33aa8ec3-07b2-491a-a0b6-3bcc6359f651,https://inaturalist-open-data.s3.amazonaws.com/photos/407335162/medium.jpeg
229482775,ab9e0cef-b6cf-4088-97d2-3343e19dc7aa,https://inaturalist-open-data.s3.amazonaws.com/photos/407352116/medium.jpeg
229505600,60675858-86d5-439b-be18-002feb1cf65b,https://inaturalist-open-data.s3.amazonaws.com/photos/407773046/medium.jpeg
229515460,1edbc8d1-c868-4204-bc5d-86d100ed577b,https://inaturalist-open-data.s3.amazonaws.com/photos/407411572/medium.jpeg
229524069,4383aaf7-3ffb-4ebc-9fff-161b69c4f1f6,https://static.inaturalist.org/photos/407668322/medium.jpeg
229546095,376b8e03-af91-4e82-8745-c2835c8ebc78,https://inaturalist-open-data.s3.amazonaws.com/photos/407469299/medium.jpeg
229669089,2a0a1de6-a82e-45ef-b057-13283b17d969,https://inaturalist-open-data.s3.amazonaws.com/photos/408059659/medium.jpeg
229680103,847312ff-16d8-4124-a576-099889772c15,https://inaturalist-open-data.s3.amazonaws.com/photos/407725064/medium.jpeg
229686563,9641c7c6-d9c5-4b3b-a008-f9768ababe10,https://inaturalist-open-data.s3.amazonaws.com/photos/407735121/medium.jpeg
229699203,55a3e469-0dab-45af-8e36-182e57ebb4e6,https://inaturalist-open-data.s3.amazonaws.com/photos/407761806/medium.jpeg
229712900,c8f2526f-f169-4648-9bf8-a78921f1479d,https://inaturalist-open-data.s3.amazonaws.com/photos/407786623/medium.jpg
229750507,4736c47c-4fdb-4ab2-b1d9-faa45e960020,https://inaturalist-open-data.s3.amazonaws.com/photos/407877371/medium.jpeg
229848180,84a59fcd-cd79-4cfb-9e18-fdb85db68683,https://static.inaturalist.org/photos/408048087/medium.jpeg
229869974,268fbdf8-3801-4900-8364-f10763a1b9b0,https://inaturalist-open-data.s3.amazonaws.com/photos/408087886/medium.jpeg
229876226,18f1b493-9ea7-4a97-9152-af893628bece,https://inaturalist-open-data.s3.amazonaws.com/photos/408608660/medium.jpeg
229883754,2fbb724b-ca1a-4716-b510-8204c0f4b120,https://inaturalist-open-data.s3.amazonaws.com/photos/408113293/medium.jpeg
229895243,421ca527-3d0a-4ce5-890e-d279a9e35d6f,https://static.inaturalist.org/photos/408134290/medium.jpeg
229916598,1074799e-012d-4a05-99bd-ddfbe37b9415,https://inaturalist-open-data.s3.amazonaws.com/photos/408909509/medium.jpeg
229962800,c1184e78-1b73-429e-a486-fe48a1998119,https://inaturalist-open-data.s3.amazonaws.com/photos/408258866/medium.jpeg
230057592,1f81f3e3-cde7-4edf-b9d4-1d41db58a219,https://static.inaturalist.org/photos/408447616/medium.jpeg
230059930,8ce509f5-718b-4ebf-8ee6-01446c803e82,https://inaturalist-open-data.s3.amazonaws.com/photos/408452507/medium.jpeg
230063135,c405c37f-efd1-465f-90d3-d4d2064c0cd5,https://static.inaturalist.org/photos/408458727/medium.jpeg
230067305,4ed51b55-fb78-4bc2-89f6-8a3d0b1d001c,https://inaturalist-open-data.s3.amazonaws.com/photos/408466532/medium.jpeg
230079229,5c0d313c-6147-44a7-82a1-04ac0a5f09f2,https://inaturalist-open-data.s3.amazonaws.com/photos/408489822/medium.jpeg
230079349,20449885-2a81-4975-963f-e17e8e4ba735,https://static.inaturalist.org/photos/516478450/medium.jpg
230099810,6761ab9d-27c0-4c80-84ef-a61649a8fb22,https://inaturalist-open-data.s3.amazonaws.com/photos/408525981/medium.jpeg
230146080,8a31d302-dc7e-4b97-b369-d69863113030,https://inaturalist-open-data.s3.amazonaws.com/photos/408624735/medium.jpeg
230184648,517bebf9-a230-4a48-987f-ea6c9df94b9f,https://inaturalist-open-data.s3.amazonaws.com/photos/408682744/medium.jpeg
230295072,123b35d2-24d0-4d00-9de2-2fa785e3885a,https://inaturalist-open-data.s3.amazonaws.com/photos/408896147/medium.jpeg
230401333,c32de8b9-dd4e-44be-baf7-322c1c5e599d,https://static.inaturalist.org/photos/409101576/medium.jpeg
230465863,4a15d3f6-d576-40e5-8ab8-a3874ea45377,https://inaturalist-open-data.s3.amazonaws.com/photos/409222512/medium.jpeg
230479670,8160cfee-b6f2-4570-b2d8-b731e107d07d,https://inaturalist-open-data.s3.amazonaws.com/photos/409247226/medium.jpeg
230498542,d3ac2f0e-0936-4051-9eaa-2673e91a2cb8,https://inaturalist-open-data.s3.amazonaws.com/photos/409281975/medium.jpeg
230505450,df58dfa4-1c60-4e6e-9d5e-20996f73923f,https://inaturalist-open-data.s3.amazonaws.com/photos/409294844/medium.jpeg
230513908,3ca1b098-8cd6-442e-99f1-f895783ee4e7,https://static.inaturalist.org/photos/409306192/medium.jpeg
230515087,73af9a12-36a1-4833-a4d0-c2c46ed1a830,https://static.inaturalist.org/photos/409312479/medium.jpeg
230564985,dd191afa-a26d-471b-a528-ad7fba2ac98c,https://inaturalist-open-data.s3.amazonaws.com/photos/409402201/medium.jpeg
230672155,b65bf532-4fa7-435b-8cb4-a0aaaf0ef9d8,https://static.inaturalist.org/photos/409607806/medium.jpeg
230682510,c25f9bac-3494-4734-a865-c5bf92a24338,https://inaturalist-open-data.s3.amazonaws.com/photos/409627029/medium.jpeg
230688148,82f20181-21d6-4609-84ab-e93f972bf2e2,https://inaturalist-open-data.s3.amazonaws.com/photos/409638422/medium.jpg
230709856,703502ba-2483-4827-8c03-ebf91a7e5712,https://inaturalist-open-data.s3.amazonaws.com/photos/409678092/medium.jpeg
230718479,d5f43cbe-2417-4908-a45e-f59653d8b65a,https://inaturalist-open-data.s3.amazonaws.com/photos/409693626/medium.jpeg
230722873,6ce474cb-63e2-4078-a71c-2986c087f693,https://static.inaturalist.org/photos/409701611/medium.jpeg
230746822,86c69d9c-841b-4a02-8203-eba5e1ba8969,https://inaturalist-open-data.s3.amazonaws.com/photos/409743906/medium.jpg
230748075,571b5f4c-d536-428d-8fd4-e59524c6f2c8,https://inaturalist-open-data.s3.amazonaws.com/photos/409746558/medium.jpeg
230764278,912570ab-3ff5-4776-b061-0bb14a646aa3,https://inaturalist-open-data.s3.amazonaws.com/photos/409775314/medium.jpeg
230768874,18de8fdc-f04e-40ac-a370-a0144a9c8a3c,https://inaturalist-open-data.s3.amazonaws.com/photos/409811808/medium.jpeg
230770440,3b37a8ef-ced2-4e59-8bd6-41b56070cc5a,https://static.inaturalist.org/photos/409785934/medium.jpeg
230791883,7352525e-6eee-4538-b22b-d3d72ae9cf8f,https://static.inaturalist.org/photos/409823440/medium.jpeg
230798517,81a087ef-18d7-4dc0-9fbd-a35bc4da5737,https://static.inaturalist.org/photos/409835623/medium.jpeg
230920517,158bcdbc-c386-4961-8acb-2205424a5af5,https://static.inaturalist.org/photos/410071946/medium.jpeg
230954883,3ce85b50-4776-45d1-a3ad-1dd21f0460c4,https://static.inaturalist.org/photos/410140595/medium.jpeg
230954915,3347a557-1d5f-4578-b5af-5362f4dcee65,https://static.inaturalist.org/photos/410140683/medium.jpeg
230955656,6d7603bd-e0d8-41d6-8dff-8b3da08fda45,https://inaturalist-open-data.s3.amazonaws.com/photos/410141740/medium.jpeg
230975161,ec193ad6-a534-4327-8cfa-ec9a9ad05a71,https://inaturalist-open-data.s3.amazonaws.com/photos/410176478/medium.jpeg
230975230,f95ed7d9-1d1e-4f2c-8bf6-e74151a89542,https://inaturalist-open-data.s3.amazonaws.com/photos/410176595/medium.jpeg
231000328,618e88c1-3c74-4b32-bfa8-9a0a1b5804c5,https://inaturalist-open-data.s3.amazonaws.com/photos/410221087/medium.jpeg
231038308,ea8942fc-e9f8-4cf9-a135-514de3f16aba,https://inaturalist-open-data.s3.amazonaws.com/photos/410291194/medium.jpeg
231044028,a36421c2-8712-4c8a-aa7e-3ebc0530a9a5,https://inaturalist-open-data.s3.amazonaws.com/photos/410300985/medium.jpeg
231155949,6b898ea9-e141-4594-bda2-5ef7e430ff43,https://static.inaturalist.org/photos/411387402/medium.jpeg
231161061,1cf0c982-cb7f-4ea9-b482-2b2d6c45d5fa,https://static.inaturalist.org/photos/410528628/medium.jpeg
231184568,caec3794-3c53-434b-8ddf-1dad3627c3f0,https://inaturalist-open-data.s3.amazonaws.com/photos/410572607/medium.jpeg
231206083,bf43a951-2406-4dc5-8099-2674b02565f6,https://inaturalist-open-data.s3.amazonaws.com/photos/410637592/medium.jpeg
231212378,9bd1b691-ddf2-45da-b783-519e455bcc81,https://inaturalist-open-data.s3.amazonaws.com/photos/410620497/medium.jpeg
231218130,4e73d5bd-391b-47e7-aa71-33e63794b487,https://inaturalist-open-data.s3.amazonaws.com/photos/410643522/medium.jpeg
231232949,6cca55ea-0498-4dee-bbd4-6fc22395111a,https://inaturalist-open-data.s3.amazonaws.com/photos/410658627/medium.jpeg
231237865,56229841-50f0-41ee-8ab1-1e00d3d35115,https://inaturalist-open-data.s3.amazonaws.com/photos/410670074/medium.jpg
231239851,16b5c2be-f9ae-4577-ac85-7a5271130194,https://inaturalist-open-data.s3.amazonaws.com/photos/410673406/medium.jpg
231239928,eb71ee85-8e1b-415e-a123-d38a2776bd9f,https://inaturalist-open-data.s3.amazonaws.com/photos/410673583/medium.jpg
231242157,34faf953-8583-4b0e-bac7-e701a64f7e78,https://inaturalist-open-data.s3.amazonaws.com/photos/410678146/medium.jpeg
231248144,51bf933a-d79a-47e2-8bd8-5d2ffaea9a23,https://static.inaturalist.org/photos/410689104/medium.jpg
231264754,4d53c57c-50b6-4bf8-9235-07406f9636a8,https://inaturalist-open-data.s3.amazonaws.com/photos/410716808/medium.jpeg
231276114,efc48efc-66eb-49b2-9a40-1a7558b2a8cd,https://inaturalist-open-data.s3.amazonaws.com/photos/410742155/medium.jpeg
231375174,aba7dbd0-d3c4-4462-a18c-d56ee832e26e,https://inaturalist-open-data.s3.amazonaws.com/photos/410942954/medium.jpeg
231381709,b5a3b108-b059-44db-9a40-8b334675b792,https://inaturalist-open-data.s3.amazonaws.com/photos/410950761/medium.jpeg
231383911,50d331a0-fdb9-4f04-872e-cad6e690edc5,https://inaturalist-open-data.s3.amazonaws.com/photos/410954589/medium.jpeg
231421749,9c8559dc-3f1f-4bec-8e29-3b22047d0cea,https://inaturalist-open-data.s3.amazonaws.com/photos/411022854/medium.jpeg
231424149,0f7d76dc-50f0-463b-8a91-78d34b8636b2,https://inaturalist-open-data.s3.amazonaws.com/photos/411028172/medium.jpeg
231450773,08756157-3219-4648-a2bb-1f9952cdb3e0,https://inaturalist-open-data.s3.amazonaws.com/photos/411078116/medium.jpeg
231485771,4feedbe5-a157-4c88-99a7-09f5ec42fd9b,https://static.inaturalist.org/photos/411145656/medium.jpeg
231594561,9b76079a-3845-4b29-809e-98d0a9a88576,https://inaturalist-open-data.s3.amazonaws.com/photos/411356632/medium.jpeg
231594705,f6dabb0f-f82b-4290-a00b-f22b898a206f,https://inaturalist-open-data.s3.amazonaws.com/photos/411357025/medium.jpeg
231602408,3c3f7500-2921-4216-a5e4-fd0be31ab233,https://inaturalist-open-data.s3.amazonaws.com/photos/411371769/medium.jpeg
231613772,e99b7584-1508-4492-88ca-7323b51b0fd9,https://inaturalist-open-data.s3.amazonaws.com/photos/411391277/medium.jpeg
231629392,ef08e325-51b4-4198-8a7c-29de16674333,https://inaturalist-open-data.s3.amazonaws.com/photos/411419115/medium.jpeg
231630607,5b447918-a47c-4131-b697-f9f7886fc46a,https://inaturalist-open-data.s3.amazonaws.com/photos/411420634/medium.jpeg
231671714,df575b22-202d-480b-a226-2a6e70b22954,https://inaturalist-open-data.s3.amazonaws.com/photos/411499697/medium.jpeg
231696633,644466dd-52da-45d8-9441-de92ad1684a7,https://inaturalist-open-data.s3.amazonaws.com/photos/411547021/medium.jpeg
231696745,72019f3d-ec5f-4756-86ae-1b7f6a678d6e,https://static.inaturalist.org/photos/411547240/medium.jpeg
231700635,93719de9-375f-445f-bc6a-4d7b39c102da,https://inaturalist-open-data.s3.amazonaws.com/photos/411555307/medium.jpeg
231703631,3745cb7b-3333-47ef-b88e-8a386eb4fc3c,https://inaturalist-open-data.s3.amazonaws.com/photos/411560486/medium.jpeg
231717667,847627ce-eb5c-4928-8de6-c7492d3b7add,https://inaturalist-open-data.s3.amazonaws.com/photos/411586342/medium.jpg
231776748,9a369b31-3865-491f-a9ae-f131156e2c75,https://inaturalist-open-data.s3.amazonaws.com/photos/411701793/medium.jpeg
231787096,3068caf6-a64d-420d-b954-8c2afe0a6227,https://static.inaturalist.org/photos/411721706/medium.jpeg
231787283,eeda45bb-42f4-4a13-88f7-430ea1575942,https://static.inaturalist.org/photos/411722177/medium.jpeg
231798330,b07c455c-2717-4bf3-9849-55ea32f4d18a,https://inaturalist-open-data.s3.amazonaws.com/photos/411742289/medium.jpg
231821842,03fc2c16-2f30-40c3-bdf2-07227349f348,https://inaturalist-open-data.s3.amazonaws.com/photos/411785542/medium.jpeg
231871277,39d68601-e037-4b40-80ee-57bd871c218f,https://inaturalist-open-data.s3.amazonaws.com/photos/411874311/medium.jpeg
231871341,2365634a-7f34-46b8-b019-f54c5a52167e,https://inaturalist-open-data.s3.amazonaws.com/photos/411874518/medium.jpeg
231879308,f502a9eb-55b1-4840-91c1-192549ef6a7a,https://inaturalist-open-data.s3.amazonaws.com/photos/411889917/medium.jpeg
231906739,713e0605-e3bd-4745-b9a1-1550de43fdfb,https://static.inaturalist.org/photos/411941603/medium.jpeg
231906948,b349e876-5242-4bfb-a414-11f81f9f814e,https://static.inaturalist.org/photos/411941951/medium.jpeg
231979291,44370bec-8b3b-432b-9516-2c7a82169dea,https://inaturalist-open-data.s3.amazonaws.com/photos/412509811/medium.jpeg
231980787,f8d9fd41-c6a5-40b6-9a68-699729dbce2e,https://inaturalist-open-data.s3.amazonaws.com/photos/412086227/medium.jpeg
232006422,1e8ad754-27c8-4462-909e-1ead24d30d33,https://inaturalist-open-data.s3.amazonaws.com/photos/412133802/medium.jpeg
232008036,b57df284-6b91-441a-bb08-bf6f7d6c706d,https://static.inaturalist.org/photos/412136399/medium.jpeg
232027487,6a40271f-7bfb-4e6c-a36f-ce56b539f7bd,https://inaturalist-open-data.s3.amazonaws.com/photos/412172557/medium.jpeg
232062042,f83622aa-32cd-40d3-be3b-fc5aa33f31ff,https://static.inaturalist.org/photos/412235338/medium.jpeg
232072385,aa8c6ccb-92ee-4c52-9c80-6a957758557e,https://static.inaturalist.org/photos/412254625/medium.jpeg
232104853,ac3d5455-96b9-461e-9c1c-8629029f797c,https://inaturalist-open-data.s3.amazonaws.com/photos/412313856/medium.jpeg
232201748,2c03a977-ebe0-4b41-a325-8f94040be0d4,https://inaturalist-open-data.s3.amazonaws.com/photos/412502845/medium.jpeg
232219111,89e40cb4-4dae-4849-9bc2-cbaa19dfa164,https://static.inaturalist.org/photos/412537876/medium.jpeg
232221727,5d33ae0e-edde-495b-aa0e-b3e1d356582f,https://static.inaturalist.org/photos/412542950/medium.jpeg
232259220,ac86eaa8-7120-4a7e-8b1e-dd598c0e8e57,https://inaturalist-open-data.s3.amazonaws.com/photos/412610767/medium.jpeg
232268304,c09c16d8-299b-41d5-af00-eaed21047db2,https://static.inaturalist.org/photos/412629226/medium.jpeg
232271806,f3d0d556-4aa7-4196-882d-997d5e3f8633,https://inaturalist-open-data.s3.amazonaws.com/photos/412635473/medium.jpeg
232280804,386e7a98-38f8-4526-8502-1ca75f5335a9,https://inaturalist-open-data.s3.amazonaws.com/photos/412651830/medium.jpeg
232289903,68e8462a-a7ec-49af-abe1-3629cdaed852,https://static.inaturalist.org/photos/412668103/medium.jpeg
232299146,922df1de-0ea9-4a6c-83d2-7b87d196b197,https://static.inaturalist.org/photos/412685576/medium.jpeg
232346588,5c2e25ad-e985-4f16-bc04-1c7a582ef59c,https://inaturalist-open-data.s3.amazonaws.com/photos/412772750/medium.jpg
232439543,3ad49e61-a123-4c22-9244-cd60b419c8ef,https://inaturalist-open-data.s3.amazonaws.com/photos/412952924/medium.jpeg
232450260,ff4c7a77-c406-4eb4-bfa5-bdc9759c6877,https://inaturalist-open-data.s3.amazonaws.com/photos/412974135/medium.jpeg
232452020,a7d7e99a-d685-4217-a6ca-10b60d3a7804,https://inaturalist-open-data.s3.amazonaws.com/photos/412975991/medium.jpeg
232466299,8f67d248-6858-4e9a-8a44-04adbc56e3bd,https://inaturalist-open-data.s3.amazonaws.com/photos/413006089/medium.jpeg
232466874,ff686954-039e-48f8-b25a-9d63d07c81f9,https://static.inaturalist.org/photos/413007235/medium.jpeg
232468570,2ac671c0-fd3b-4458-93ea-e5350e428daf,https://inaturalist-open-data.s3.amazonaws.com/photos/413010181/medium.jpeg
232534036,61b06e97-a412-4a16-a3e9-e8fd28d12374,https://static.inaturalist.org/photos/413132729/medium.jpeg
232534834,293c5758-5e8b-49e5-9e87-85787c3cda5b,https://static.inaturalist.org/photos/413134133/medium.jpeg
232563884,fb167fd2-5bb6-4424-a8cb-874a8bd28a6b,https://inaturalist-open-data.s3.amazonaws.com/photos/413188324/medium.jpg
232657504,4c7cd0d5-3ba8-4944-be97-57aa82aa0711,https://inaturalist-open-data.s3.amazonaws.com/photos/413371351/medium.jpeg
232668316,9c584de8-3dae-479f-ad27-0d3cd66e9ab8,https://inaturalist-open-data.s3.amazonaws.com/photos/413390650/medium.jpeg
232721845,f71a9087-d185-4ba4-b1a9-cff08a06a62f,https://static.inaturalist.org/photos/413489039/medium.jpeg
232756700,3b7b9379-9f81-48b1-b9e1-5170a8f00066,https://inaturalist-open-data.s3.amazonaws.com/photos/413556465/medium.jpeg
232770666,f0d1ef8b-4864-4e90-bec8-0f0e5d29f783,https://inaturalist-open-data.s3.amazonaws.com/photos/413584088/medium.jpeg
232778487,f3f265e1-2746-4281-866f-bf35cdd8b88c,https://inaturalist-open-data.s3.amazonaws.com/photos/413600968/medium.jpeg
232863421,27f3f90d-ab2f-4d65-972b-a69726718eb2,https://inaturalist-open-data.s3.amazonaws.com/photos/413768096/medium.jpeg
232863749,bca7421c-eec2-49c0-9cd1-d02b4d258663,https://inaturalist-open-data.s3.amazonaws.com/photos/413768626/medium.jpeg
232870400,d0bce64d-3152-4bbf-8789-e01706b023bc,https://static.inaturalist.org/photos/413781290/medium.jpeg
232877683,12c577e2-d083-4091-8207-25ddc3b79a5a,https://inaturalist-open-data.s3.amazonaws.com/photos/413795180/medium.jpeg
232878086,24da6e04-2a19-40cc-927a-dd8e4a580256,https://inaturalist-open-data.s3.amazonaws.com/photos/413795954/medium.jpeg
232946106,35376feb-7626-4c0e-a3e9-ed3286d0abf9,https://inaturalist-open-data.s3.amazonaws.com/photos/413922203/medium.jpeg
232951945,f94c5f21-6680-4c78-82a4-5655861bf59c,https://inaturalist-open-data.s3.amazonaws.com/photos/413933671/medium.jpeg
233016469,02a6f645-796d-4b97-a2ac-5bf975da5e8d,https://inaturalist-open-data.s3.amazonaws.com/photos/414059177/medium.jpeg
233040834,b7da890a-29cc-456b-9c14-220e8df9c676,https://static.inaturalist.org/photos/414108273/medium.jpeg
233045599,b9feec5f-e0af-4a6a-a4ab-a4cbab808ee9,https://inaturalist-open-data.s3.amazonaws.com/photos/414117867/medium.jpg
233076838,486c3639-2372-4a5c-b5b6-612c78e30201,https://inaturalist-open-data.s3.amazonaws.com/photos/414175914/medium.jpeg
233077169,2780686b-c387-49a6-87de-25a303b99a80,https://static.inaturalist.org/photos/414176493/medium.jpeg
233078983,ba3d9162-718a-4576-970c-8f5374a56385,https://static.inaturalist.org/photos/414169402/medium.jpeg
233092827,c1a33529-48e3-4f75-9dd4-3273219721b2,https://inaturalist-open-data.s3.amazonaws.com/photos/414205767/medium.jpeg
233101212,929f8a64-5116-4eb6-be63-573f062c6052,https://static.inaturalist.org/photos/414221860/medium.jpeg
233117618,c096ebe0-993d-454c-ab36-2d588e6a47be,https://inaturalist-open-data.s3.amazonaws.com/photos/414252797/medium.jpeg
233127428,7ec2a3c8-42cd-4f26-a0ff-adc4085208eb,https://inaturalist-open-data.s3.amazonaws.com/photos/414271863/medium.jpeg
233162087,0c502690-5bdb-4fc1-a07c-04ccd5fb0d72,https://inaturalist-open-data.s3.amazonaws.com/photos/414337894/medium.jpeg
233237214,23c85526-57bb-4b3a-8382-6b7677f20532,https://inaturalist-open-data.s3.amazonaws.com/photos/414485018/medium.jpg
233241184,13a12b53-c0d5-4828-8e7a-306a6dadd156,https://static.inaturalist.org/photos/414492895/medium.jpeg
233245776,c6b1ae9e-fcc0-470d-ab14-0da0809d0114,https://static.inaturalist.org/photos/414501760/medium.jpeg
233274983,30115565-9d18-428d-880f-5930dd0a0b1e,https://static.inaturalist.org/photos/414554092/medium.jpeg
233275163,d0500587-9a57-4551-af04-e372cb9fdeb8,https://static.inaturalist.org/photos/414554432/medium.jpeg
233285500,e46494b7-c1a2-4825-84ab-25dc66142699,https://inaturalist-open-data.s3.amazonaws.com/photos/414572054/medium.jpeg
233286133,38be36b4-a236-47ad-b8f4-453aa0bfff3a,https://inaturalist-open-data.s3.amazonaws.com/photos/414573298/medium.jpeg
233288463,3a68ecab-fe6f-4f0e-89ea-7bc1051d8ffc,https://inaturalist-open-data.s3.amazonaws.com/photos/414578479/medium.jpeg
233322646,0ca46668-dd92-4094-b5ac-dca34d8efbcc,https://static.inaturalist.org/photos/414632202/medium.jpg
233455157,34a193ac-9f0f-4ba7-8c67-bd2252dd4946,https://inaturalist-open-data.s3.amazonaws.com/photos/414897389/medium.jpeg
233481941,87662e2c-dd89-4638-b10d-a67e6e347572,https://inaturalist-open-data.s3.amazonaws.com/photos/414944063/medium.jpeg
233493544,2ab0713c-69b7-4a2e-9faa-e8e0b928744c,https://inaturalist-open-data.s3.amazonaws.com/photos/414964560/medium.jpeg
233512197,ebadad30-41f5-4579-8a9e-f02ddeccf4be,https://inaturalist-open-data.s3.amazonaws.com/photos/414999099/medium.jpeg
233649793,f52492df-a781-4bff-989b-e94d1185a541,https://static.inaturalist.org/photos/415263893/medium.jpg
233683230,1db6c0ff-8d2c-4fe7-86a4-58309d151b2c,https://inaturalist-open-data.s3.amazonaws.com/photos/415328355/medium.jpeg
233782257,96e3e57a-c36c-4b6b-ae19-7f1c26e58a4f,https://inaturalist-open-data.s3.amazonaws.com/photos/415512406/medium.jpeg
233786783,17982b31-506d-4b99-b9a9-224305595485,https://inaturalist-open-data.s3.amazonaws.com/photos/415521178/medium.jpeg
233816025,fe57ff7c-b967-4257-944d-4d049d289b54,https://inaturalist-open-data.s3.amazonaws.com/photos/415576892/medium.jpeg
233895587,5ed4ee33-5abe-4108-a3b2-4f1c30664dfb,https://inaturalist-open-data.s3.amazonaws.com/photos/415733618/medium.jpeg
233901324,a8b6d5e9-68ec-4e75-a728-4ccf2c352f0e,https://inaturalist-open-data.s3.amazonaws.com/photos/415744662/medium.jpeg
233916213,566fae6e-4b19-4d62-a831-a85dcb3a372d,https://static.inaturalist.org/photos/415773298/medium.jpeg
233938534,bfe9e724-dfc0-4ebd-a313-546f764a7382,https://static.inaturalist.org/photos/415813939/medium.jpeg
233943062,1f3484dd-53da-4826-8488-1892f5598419,https://static.inaturalist.org/photos/415821863/medium.jpeg
234027008,ffffae97-3bfc-4cf3-aedc-4138c8e57251,https://inaturalist-open-data.s3.amazonaws.com/photos/415980060/medium.jpeg
234101998,4bddf1ea-9f40-48c6-9203-5e0b3b56e785,https://inaturalist-open-data.s3.amazonaws.com/photos/416124361/medium.jpeg
234113752,dd4dfe79-f5d3-4ea9-b0a2-00a2753f2ad3,https://inaturalist-open-data.s3.amazonaws.com/photos/416146707/medium.jpeg
234116316,cd81de0c-117e-4ea6-9ebb-1a25809e71de,https://static.inaturalist.org/photos/416151257/medium.jpeg
234125526,b0adf958-b027-440e-897b-548184fd321e,https://inaturalist-open-data.s3.amazonaws.com/photos/416168491/medium.jpeg
234177285,f46987ec-f492-4746-9baa-91ac421d70c7,https://inaturalist-open-data.s3.amazonaws.com/photos/416263989/medium.jpeg
234177922,c581be8a-20fa-4572-ac38-b919a7a724ff,https://inaturalist-open-data.s3.amazonaws.com/photos/416264816/medium.jpeg
234337129,dc9537c8-f621-4e61-8723-24b18b3147af,https://inaturalist-open-data.s3.amazonaws.com/photos/416574697/medium.jpeg
234339979,4653f25d-4fa6-4443-a744-ca3c581e5b34,https://inaturalist-open-data.s3.amazonaws.com/photos/416579931/medium.jpeg
234362772,c5ae1033-f93b-46f2-8a74-f78c8e452cc3,https://inaturalist-open-data.s3.amazonaws.com/photos/416622319/medium.jpeg
234459025,65020662-7ff2-467c-a7bd-f9464c88f903,https://inaturalist-open-data.s3.amazonaws.com/photos/416813714/medium.jpg
234487006,251e22cd-b768-4f0d-bca2-e32125c0825d,https://inaturalist-open-data.s3.amazonaws.com/photos/416869683/medium.jpeg
234490205,734b1a0d-2606-4399-bb84-c03cfef60048,https://inaturalist-open-data.s3.amazonaws.com/photos/416875366/medium.jpeg
234527496,f7f70f91-c307-4b4e-b5b0-5ea42e6b43dd,https://inaturalist-open-data.s3.amazonaws.com/photos/416944876/medium.jpeg
234536065,9b969641-d2bd-4a7c-8a21-97c875993548,https://inaturalist-open-data.s3.amazonaws.com/photos/416960594/medium.jpeg
234556750,4fbd34a3-b428-4d27-82d1-4e528af474aa,https://inaturalist-open-data.s3.amazonaws.com/photos/417001487/medium.jpeg
234666425,5590ca55-4522-43df-9f00-82c9ffc10a5a,https://inaturalist-open-data.s3.amazonaws.com/photos/417218454/medium.jpeg
234669597,d296a2f1-3853-428d-be85-1c423dc8f30c,https://inaturalist-open-data.s3.amazonaws.com/photos/419554105/medium.jpeg
234703604,71b2757e-0fb5-4148-8f71-44ecae5f01b9,https://inaturalist-open-data.s3.amazonaws.com/photos/417289690/medium.jpg
234725448,7a17988f-94eb-4ddc-8d05-ab192b15d47a,https://static.inaturalist.org/photos/417331056/medium.jpeg
234728326,40f9d9ac-960e-4e6f-b02f-1d8780b314cc,https://inaturalist-open-data.s3.amazonaws.com/photos/417336020/medium.jpeg
234730693,7a13b3a3-6bda-460c-b59d-7a95945aa8a2,https://inaturalist-open-data.s3.amazonaws.com/photos/417334783/medium.jpeg
234827942,b91922f5-c699-460a-8c1e-68c5a66402d1,https://static.inaturalist.org/photos/417534805/medium.jpeg
234843515,d882ea3c-2056-435d-86a6-226dac8a997f,https://inaturalist-open-data.s3.amazonaws.com/photos/417557623/medium.jpg
234855487,4d2a8a39-23cf-4c28-99b0-7c0979039d0a,https://inaturalist-open-data.s3.amazonaws.com/photos/417586573/medium.jpeg
234858349,cc0f7a2d-58f9-4577-8d43-0ee862ca5c07,https://inaturalist-open-data.s3.amazonaws.com/photos/418103770/medium.jpeg
234862019,22888b46-c5a5-4b46-aa31-41e163efb9aa,https://inaturalist-open-data.s3.amazonaws.com/photos/417599867/medium.jpeg
234862422,057d0097-6eac-444f-8444-6f381eeca1f5,https://inaturalist-open-data.s3.amazonaws.com/photos/417600472/medium.jpeg
234878911,6919f209-6875-47d4-9df2-37050f8940d9,https://inaturalist-open-data.s3.amazonaws.com/photos/417630352/medium.jpeg
234891554,a5b9dcaa-7656-415e-9d93-7a2d18b3132e,https://inaturalist-open-data.s3.amazonaws.com/photos/417655014/medium.jpeg
234893709,0ddd393a-3430-494d-9ec4-9385de7cf274,https://inaturalist-open-data.s3.amazonaws.com/photos/417659217/medium.jpeg
234933170,7528d301-1c88-446c-a311-f5e54ec4d690,https://inaturalist-open-data.s3.amazonaws.com/photos/417732112/medium.jpeg
234936573,1f9cb6e7-de15-4d60-8dbf-b2cc0722aca6,https://inaturalist-open-data.s3.amazonaws.com/photos/417730380/medium.jpg
235042209,512eae0d-6a04-4c1b-aea0-341d92b8569a,https://static.inaturalist.org/photos/417947811/medium.jpeg
235047532,d5ab4894-e134-4105-8576-587113f7defc,https://static.inaturalist.org/photos/417959212/medium.jpeg
235060411,4e4886e7-fd9c-4cb6-acde-e5869fc2809e,https://inaturalist-open-data.s3.amazonaws.com/photos/417983506/medium.jpeg
235104895,e710c514-fc03-4069-ba7b-3246f3f18d6b,https://static.inaturalist.org/photos/418068716/medium.jpeg
235117161,957b9336-803b-48ec-bdbf-3ef5cbc858ff,https://inaturalist-open-data.s3.amazonaws.com/photos/418091209/medium.jpeg
235285000,ddf1836d-93cf-4b82-a384-c58f716be522,https://inaturalist-open-data.s3.amazonaws.com/photos/418417622/medium.jpeg
235308235,ff78f4f6-b31b-4cbd-a1ca-51a83bb5a06f,https://inaturalist-open-data.s3.amazonaws.com/photos/418464309/medium.jpeg
235371315,4d0efce9-1d6a-4981-b167-2bf38b44fd0d,https://inaturalist-open-data.s3.amazonaws.com/photos/418581990/medium.jpeg
235380506,dff3dc09-db8f-4786-8a5a-e609bf976581,https://static.inaturalist.org/photos/418598480/medium.jpeg
235394509,cce54465-1834-44e8-9125-6e494ea2e0d8,https://inaturalist-open-data.s3.amazonaws.com/photos/423456218/medium.jpg
235487512,1256640e-2efd-45d2-96b4-795746601561,https://inaturalist-open-data.s3.amazonaws.com/photos/418811514/medium.jpg
235502423,a8da87e6-1ac2-4d9e-a054-0eb38c13a091,https://static.inaturalist.org/photos/418841644/medium.jpeg
235534452,1ff51090-43fb-4ad8-80aa-20bcd3eb97cc,https://static.inaturalist.org/photos/418900369/medium.jpeg
235559497,75503cd9-8536-491f-b88e-e96b003b07d2,https://inaturalist-open-data.s3.amazonaws.com/photos/418947644/medium.jpeg
235572725,995be86e-5c9f-41d3-b909-185c57280b88,https://inaturalist-open-data.s3.amazonaws.com/photos/418972913/medium.jpeg
235585456,2c038eea-4b8b-40fc-a49b-a924132d51af,https://inaturalist-open-data.s3.amazonaws.com/photos/418995716/medium.jpeg
235588864,5198c0fc-236d-47b7-9478-d6986ce89239,https://inaturalist-open-data.s3.amazonaws.com/photos/418992693/medium.jpg
235588882,5e105b3c-ea05-4960-9bc8-ff71dd77b934,https://inaturalist-open-data.s3.amazonaws.com/photos/418992803/medium.jpg
235681514,da0dd781-b357-495c-97f5-104439bfbcbf,https://inaturalist-open-data.s3.amazonaws.com/photos/419180613/medium.jpeg
235686347,b605fc41-b9d9-4499-b596-0e2eca1caec2,https://inaturalist-open-data.s3.amazonaws.com/photos/419189703/medium.jpeg
235687881,a0a24cca-913f-44e9-9f24-5ce1bc2b2264,https://inaturalist-open-data.s3.amazonaws.com/photos/419192140/medium.jpeg
235693275,4b5f820a-c239-4f93-adff-324360d4dab7,https://inaturalist-open-data.s3.amazonaws.com/photos/419201910/medium.jpeg
235733871,b1a1e9c0-f4ad-417d-898e-933214d9e9c1,https://inaturalist-open-data.s3.amazonaws.com/photos/419277394/medium.jpeg
235749872,8311abee-900c-4b0c-a108-6cbe18314a37,https://inaturalist-open-data.s3.amazonaws.com/photos/419307585/medium.jpeg
235765806,6a870f1d-dbd2-4ffe-8a4a-e5c2281dfc57,https://inaturalist-open-data.s3.amazonaws.com/photos/419337562/medium.jpeg
235861284,2c3e7259-f2ad-4dd6-885f-7aad746e2459,https://inaturalist-open-data.s3.amazonaws.com/photos/419527081/medium.jpeg
235866443,a8843694-178a-4e86-8284-9018c919c060,https://inaturalist-open-data.s3.amazonaws.com/photos/419537440/medium.jpeg
235877222,8c536735-b96e-4ceb-a498-8ee322b657cc,https://inaturalist-open-data.s3.amazonaws.com/photos/419558939/medium.jpeg
235908776,1e5d1acb-dc36-43a4-85c1-57eecefdfaa4,https://inaturalist-open-data.s3.amazonaws.com/photos/419617339/medium.jpeg
235920158,1247a6e5-75a0-40a4-9118-22c40f308230,https://inaturalist-open-data.s3.amazonaws.com/photos/419638725/medium.jpeg
235932917,e53ce1ec-76b4-4c0c-ba5c-7f1c8108ea1a,https://inaturalist-open-data.s3.amazonaws.com/photos/419662727/medium.jpeg
235933954,d687bdc2-7d50-4874-b402-f6808a36d87f,https://inaturalist-open-data.s3.amazonaws.com/photos/419664852/medium.jpeg
235954581,cba8aecb-223b-4e6c-a018-c35c869d646e,https://inaturalist-open-data.s3.amazonaws.com/photos/419704034/medium.jpeg
235971205,2f980416-fb10-429d-ad7a-0020f3b03559,https://inaturalist-open-data.s3.amazonaws.com/photos/419737365/medium.jpeg
236037271,109e0adb-2043-43df-bfa5-cee0374180e1,https://inaturalist-open-data.s3.amazonaws.com/photos/419869769/medium.jpg
236054313,3303271c-5ecc-4cbb-ab0e-390e0dc5f8ae,https://static.inaturalist.org/photos/419906330/medium.jpeg
236055387,148138ef-1f82-4ebd-b137-ae14971f0b84,https://static.inaturalist.org/photos/419908409/medium.jpeg
236055984,2bde600c-2792-45c7-bdd3-a68b67dc3e98,https://inaturalist-open-data.s3.amazonaws.com/photos/419909650/medium.jpeg
236109920,f23fee74-34f6-4974-b8f1-6cc77679e87d,https://static.inaturalist.org/photos/420009173/medium.jpeg
236151438,fd59522b-1355-4422-b706-169478980f4d,https://inaturalist-open-data.s3.amazonaws.com/photos/420088055/medium.jpeg
236234536,02933d12-76c0-4c01-9ea9-b66acec67e81,https://inaturalist-open-data.s3.amazonaws.com/photos/420253513/medium.jpeg
236236562,2e773841-0857-43aa-b025-fa5e1c120974,https://inaturalist-open-data.s3.amazonaws.com/photos/420257831/medium.jpeg
236239549,e3f4e17a-d6f3-498d-84b5-913f2c1b2339,https://inaturalist-open-data.s3.amazonaws.com/photos/420263453/medium.jpeg
236240613,7f44b274-0550-40c9-a254-7ad4d8c0682c,https://static.inaturalist.org/photos/420265437/medium.jpeg
236259778,21c9ef80-2fb0-4603-9d7b-7affd908810b,https://static.inaturalist.org/photos/420300990/medium.jpeg
236262673,6066d3c0-f9a6-4f0b-8823-c61bf09f2106,https://static.inaturalist.org/photos/420305956/medium.jpeg
236294521,8ba4faf4-9650-4f2f-a241-57909aa36b28,https://inaturalist-open-data.s3.amazonaws.com/photos/420364719/medium.jpeg
236303457,cc427bc5-c0a1-4353-a688-9cd8d7918b5a,https://inaturalist-open-data.s3.amazonaws.com/photos/420380874/medium.jpeg
236324776,4a4eaada-ccba-44b0-8814-fd96a39ebb87,https://static.inaturalist.org/photos/420420251/medium.jpeg
236456524,38f8cc95-d39b-4d9c-a0b4-4d76d81b3fb6,https://inaturalist-open-data.s3.amazonaws.com/photos/420676962/medium.jpeg
236458130,b2f08d47-f55e-4024-b85d-0e061d24cfa3,https://inaturalist-open-data.s3.amazonaws.com/photos/420680114/medium.jpeg
236492119,115f2035-a6d0-41e4-8922-742fabe944f2,https://inaturalist-open-data.s3.amazonaws.com/photos/420740966/medium.jpeg
236504188,1949fe05-d85b-481a-98a0-2c60eed0f127,https://inaturalist-open-data.s3.amazonaws.com/photos/420763854/medium.jpeg
236509218,4720cdb7-3f89-403f-a722-cbb9a810893f,https://static.inaturalist.org/photos/420770696/medium.jpg
236510147,3193b728-65be-4885-977d-858e634983a1,https://inaturalist-open-data.s3.amazonaws.com/photos/420817268/medium.jpeg
236524330,4273ca96-d25c-43f4-9902-b12214db542b,https://static.inaturalist.org/photos/420800685/medium.jpeg
236558463,09cb7625-fe0b-4124-9fe9-82e17c99b859,https://inaturalist-open-data.s3.amazonaws.com/photos/420863519/medium.jpeg
236581425,d2c1b944-9cea-4d34-afcb-8961b896fc39,https://static.inaturalist.org/photos/420907685/medium.jpeg
236593598,2eab6a39-7d37-4d28-9eb0-74b7884e50cc,https://inaturalist-open-data.s3.amazonaws.com/photos/420930834/medium.jpeg
236708356,0c54cabb-5227-4056-990e-0fad7259a094,https://inaturalist-open-data.s3.amazonaws.com/photos/421156699/medium.jpeg
236720595,9857c00a-1169-4de7-9dd1-7aa75131d668,https://static.inaturalist.org/photos/421179637/medium.jpeg
236734654,d5523b59-9cf0-4039-a134-90c979a2866c,https://static.inaturalist.org/photos/421206388/medium.jpeg
236737932,749c9314-9c67-4cec-b5a9-914c0c6569e0,https://static.inaturalist.org/photos/421212356/medium.jpeg
236741279,d0c2dc35-041d-4ef4-a6da-3615049d3d70,https://inaturalist-open-data.s3.amazonaws.com/photos/421218650/medium.jpeg
236773289,6503cf74-d0ef-4a22-afa1-de59625d00df,https://inaturalist-open-data.s3.amazonaws.com/photos/421280276/medium.jpeg
236801116,17ac67dc-748f-4c85-9660-8eafc4139f8d,https://inaturalist-open-data.s3.amazonaws.com/photos/421334164/medium.jpeg
236885386,c6d091a7-97c7-48e5-b3d0-dde4e5e73d11,https://inaturalist-open-data.s3.amazonaws.com/photos/421505651/medium.jpeg
236886624,12fe4e15-2070-4578-8e89-53166ef9643e,https://static.inaturalist.org/photos/421508572/medium.jpeg
236891207,be3ecb61-3428-496b-a1bf-3da63ca6de9a,https://inaturalist-open-data.s3.amazonaws.com/photos/421509718/medium.jpeg
236895279,3307df72-7236-4a7e-b730-0b8b7b6e488e,https://inaturalist-open-data.s3.amazonaws.com/photos/421521832/medium.jpeg
236895502,514c2dbe-05d5-42c5-96b6-53bc3af9982f,https://inaturalist-open-data.s3.amazonaws.com/photos/421522319/medium.jpeg
236945573,700d549c-1be6-4100-9d76-0453ab331c8e,https://inaturalist-open-data.s3.amazonaws.com/photos/421614001/medium.jpeg
236956299,bbe19557-27c1-42f0-874c-09eb1286c5c2,https://static.inaturalist.org/photos/421636246/medium.jpeg
236956319,2c021652-f55f-48d6-a7bb-f655ccb46d2c,https://static.inaturalist.org/photos/421636294/medium.jpeg
236960331,c40594af-8b92-4baa-8e74-25bd6184e869,https://static.inaturalist.org/photos/421644122/medium.jpeg
236976281,817f1be4-acb6-4b36-9752-08d74796c7e8,https://static.inaturalist.org/photos/421675411/medium.jpeg
236983562,3f3bf70d-8c62-46db-8aa8-dba78a930714,https://inaturalist-open-data.s3.amazonaws.com/photos/421683682/medium.jpg
236985126,76da6cd9-5adf-40aa-ae57-1a151b7e8c4d,https://inaturalist-open-data.s3.amazonaws.com/photos/421690178/medium.jpg
237064359,cb2fa8bf-471d-4e59-b2ba-2757506fbd80,https://inaturalist-open-data.s3.amazonaws.com/photos/421847244/medium.jpeg
237068988,3c74b24d-3b26-4fff-aae2-9fadbaf143e1,https://static.inaturalist.org/photos/421854797/medium.jpeg
237072896,450e59a5-ac78-43be-8571-24e0e55907bd,https://static.inaturalist.org/photos/421865811/medium.jpeg
237101113,402293f4-c52b-4060-91ef-c68457228bdf,https://inaturalist-open-data.s3.amazonaws.com/photos/421917810/medium.jpeg
237146725,13918088-a584-48a4-9f2d-cb0140ebab79,https://inaturalist-open-data.s3.amazonaws.com/photos/422001869/medium.jpeg
237160514,63f6e734-7c67-4f69-83fd-f6ef1254c7a7,https://inaturalist-open-data.s3.amazonaws.com/photos/422026930/medium.jpeg
237243429,99b3eb21-439a-446b-ac61-4b3e07eeaf3a,https://inaturalist-open-data.s3.amazonaws.com/photos/422190557/medium.jpeg
237248078,8c9fa861-46ee-4b9e-af8a-446a50ef25fb,https://inaturalist-open-data.s3.amazonaws.com/photos/422199458/medium.jpeg
237268865,f28451e5-824d-44bf-a921-a827ae313fda,https://static.inaturalist.org/photos/422239247/medium.jpeg
237276275,7128eadb-cf91-4c5e-bc99-5902f1f935a8,https://static.inaturalist.org/photos/422253422/medium.jpeg
237276499,f253da28-4540-4294-a43c-079b230d47eb,https://static.inaturalist.org/photos/422253678/medium.jpeg
237278944,922fb0c4-6393-4cb6-b647-c34c75c43c83,https://inaturalist-open-data.s3.amazonaws.com/photos/422258230/medium.jpeg
237296814,835bc061-7bf9-45e4-9093-cefbffbca5c7,https://inaturalist-open-data.s3.amazonaws.com/photos/422293429/medium.jpeg
237432018,df093cd9-8e5d-486f-a97e-7ca426967b7b,https://inaturalist-open-data.s3.amazonaws.com/photos/422560203/medium.jpeg
237435686,2e30502f-734c-4264-93b9-31146fbace23,https://static.inaturalist.org/photos/422566862/medium.jpeg
237435824,70e565e3-c184-483b-9c50-ddeb2a8167ab,https://static.inaturalist.org/photos/422567103/medium.jpeg
237436718,7f4f24e6-6966-4a4a-a3e6-4920aea68738,https://static.inaturalist.org/photos/422568631/medium.jpeg
237437148,0fc4acc5-7675-4729-af9d-51e5fba677b3,https://static.inaturalist.org/photos/422569592/medium.jpeg
237470637,55e361c9-d643-42d5-b040-bc2942a452da,https://inaturalist-open-data.s3.amazonaws.com/photos/422628643/medium.jpg
237477900,4bd0dc1e-5c52-4951-99f6-10dee3f2cf7c,https://inaturalist-open-data.s3.amazonaws.com/photos/422643467/medium.jpeg
237491624,76a02728-edd0-4749-a6c8-cb625cd9565c,https://inaturalist-open-data.s3.amazonaws.com/photos/422669247/medium.jpeg
237495231,999a5714-802e-4f9b-9d6b-5c1950feabba,https://inaturalist-open-data.s3.amazonaws.com/photos/422675916/medium.jpeg
237523018,c69da88b-18b4-49e9-8286-3d642bb96c91,https://static.inaturalist.org/photos/422729767/medium.jpeg
237579434,98803446-5415-4c4b-943c-2c26e2f0ed64,https://inaturalist-open-data.s3.amazonaws.com/photos/422842987/medium.jpeg
237599288,bcef63d7-1cbd-42b9-bf51-0a34d65a09b1,https://inaturalist-open-data.s3.amazonaws.com/photos/422882922/medium.jpeg
237611571,22afd0de-959e-45d0-bf0e-7c92b67866d8,https://inaturalist-open-data.s3.amazonaws.com/photos/422905259/medium.jpeg
237612326,29c0c46f-33b1-4819-83a8-1cac8ba3aac4,https://static.inaturalist.org/photos/422906563/medium.jpeg
237613121,f117a611-ea85-4ee6-a403-0a74bbb9e6fe,https://inaturalist-open-data.s3.amazonaws.com/photos/422908082/medium.jpeg
237617085,7f9cb582-983b-406a-ac30-c6d6db58f680,https://inaturalist-open-data.s3.amazonaws.com/photos/422915494/medium.jpeg
237625986,5c1976c5-7749-48ea-9222-4aca3468fbf6,https://inaturalist-open-data.s3.amazonaws.com/photos/422931076/medium.jpeg
237629137,94d6550d-a83e-4273-915a-740041887461,https://static.inaturalist.org/photos/422937101/medium.jpeg
237629414,9519dbb1-06c0-4dfc-a89d-c070300925da,https://static.inaturalist.org/photos/422937708/medium.jpeg
237633295,3c8ab370-9e1a-4a47-a70d-fd9b8ad48d39,https://inaturalist-open-data.s3.amazonaws.com/photos/422945233/medium.jpeg
237635182,6ab588e1-cdbe-41cb-ad98-910b31c534c5,https://inaturalist-open-data.s3.amazonaws.com/photos/422949231/medium.jpeg
237668378,5829114d-9f5a-417a-ace3-52ea463f0a2b,https://static.inaturalist.org/photos/423009100/medium.jpeg
237673297,590f744f-da7a-4083-9325-7e4145d65b80,https://inaturalist-open-data.s3.amazonaws.com/photos/423018107/medium.jpeg
237701157,9759c532-23c4-469f-810a-f2f0a2da08af,https://inaturalist-open-data.s3.amazonaws.com/photos/423070272/medium.jpeg
237708492,5aecf36d-78a2-49c8-9f96-2b5fecb04e67,https://static.inaturalist.org/photos/423061551/medium.jpg
237803105,b3609bdf-900f-43d8-af8e-e72a7be9ce2c,https://inaturalist-open-data.s3.amazonaws.com/photos/423272312/medium.jpeg
237811814,c6e03c8d-725e-4248-9473-7fffdc9b06fb,https://inaturalist-open-data.s3.amazonaws.com/photos/423290622/medium.jpeg
237825258,93350410-156d-408a-9592-27d9baa1c6b2,https://static.inaturalist.org/photos/423315870/medium.jpeg
237827884,22942079-525b-4341-89f1-281dca2d631d,https://inaturalist-open-data.s3.amazonaws.com/photos/423320482/medium.jpeg
237831596,8f726a03-59bc-4bb0-9aad-dec323749364,https://inaturalist-open-data.s3.amazonaws.com/photos/423847924/medium.jpeg
237837903,3e2f0271-59ae-4c21-84f2-83b8650dcb2e,https://inaturalist-open-data.s3.amazonaws.com/photos/424457199/medium.jpeg
237839375,83bd6251-b5ca-4258-903d-7e26153645d4,https://inaturalist-open-data.s3.amazonaws.com/photos/423342955/medium.jpg
237839616,b45bdb6f-9785-4bb6-aa95-1c137abefde3,https://inaturalist-open-data.s3.amazonaws.com/photos/423343756/medium.jpeg
237841025,0b19ee2b-abf2-4a92-a63d-62313637569c,https://inaturalist-open-data.s3.amazonaws.com/photos/423346444/medium.jpeg
237841320,9a96a867-0e82-4258-9852-105ace1698c1,https://inaturalist-open-data.s3.amazonaws.com/photos/423347088/medium.jpeg
237842622,bbbacaae-cfb8-48eb-9ad0-2240fd7a1e46,https://inaturalist-open-data.s3.amazonaws.com/photos/423349511/medium.jpeg
237844706,2b0830a6-11e0-445b-9402-d0d5678b00be,https://inaturalist-open-data.s3.amazonaws.com/photos/423353502/medium.jpeg
237845665,9eee3d37-b535-43df-a4e0-5bafa77209c6,https://inaturalist-open-data.s3.amazonaws.com/photos/423354927/medium.jpeg
237887057,a90cf3c2-cbac-49d8-859e-1833659398e9,https://inaturalist-open-data.s3.amazonaws.com/photos/423432021/medium.jpeg
237891911,de04860a-7e24-4fa3-aa10-8c8290d087e3,https://inaturalist-open-data.s3.amazonaws.com/photos/423443996/medium.jpeg
237919834,586b295d-b483-47de-8c98-6c53ea0856df,https://static.inaturalist.org/photos/423494845/medium.jpeg
238024705,2cf1eb12-364e-48e7-aa4d-6e8379a5a569,https://inaturalist-open-data.s3.amazonaws.com/photos/423700773/medium.jpeg
238030219,74d3bc64-abb5-40db-a48c-6fdb525c1951,https://static.inaturalist.org/photos/423710927/medium.jpeg
238035202,2bb461fe-b948-4ad8-a9e5-b79b06d5f637,https://inaturalist-open-data.s3.amazonaws.com/photos/423720218/medium.jpeg
238040905,ff904c69-0bf7-442e-b810-10ced7c0a8cb,https://inaturalist-open-data.s3.amazonaws.com/photos/423730614/medium.jpeg
238109021,96444e6a-649e-42b2-a271-e708e1a3cdcb,https://static.inaturalist.org/photos/423859843/medium.jpeg
238121012,876305bb-c1ed-478a-9f48-28083fee6239,https://static.inaturalist.org/photos/423883024/medium.jpeg
238121716,74d0fc76-4cda-49c0-bd74-bef96704be40,https://inaturalist-open-data.s3.amazonaws.com/photos/423884364/medium.jpeg
238136127,c465c7cc-0a3a-4de5-badb-6a8880f0a7f8,https://inaturalist-open-data.s3.amazonaws.com/photos/423916168/medium.jpeg
238142586,f35df555-1dbc-4b6c-a886-0aa51ca5a493,https://inaturalist-open-data.s3.amazonaws.com/photos/423927350/medium.jpeg
238202693,d59b91ff-4dc8-4dcb-b21c-2214b5d36300,https://inaturalist-open-data.s3.amazonaws.com/photos/424046191/medium.jpeg
238208361,e6943048-2804-445f-a51c-d934d34456f0,https://inaturalist-open-data.s3.amazonaws.com/photos/424087329/medium.jpeg
238215525,88ac732a-fd28-46ad-a5db-9a2f17526230,https://inaturalist-open-data.s3.amazonaws.com/photos/424132800/medium.jpeg
238220668,83cd38c2-7870-40aa-9aa0-a0aad2aef950,https://inaturalist-open-data.s3.amazonaws.com/photos/424081306/medium.jpeg
238220733,16f7c7d9-9a61-42a3-b95b-05ad185a8999,https://inaturalist-open-data.s3.amazonaws.com/photos/424081341/medium.jpeg
238220947,49c8384a-5006-4a61-bd83-d1121999d7d8,https://inaturalist-open-data.s3.amazonaws.com/photos/424081822/medium.jpeg
238221117,25eb43f2-220b-439e-8783-7daa46c67cc7,https://inaturalist-open-data.s3.amazonaws.com/photos/424082139/medium.jpeg
238223126,2a19bcba-27a8-4787-a091-2408fcdb8c0f,https://static.inaturalist.org/photos/424086281/medium.jpeg
238225079,521cd45d-ed8a-4a02-afca-690f5e65ca4d,https://static.inaturalist.org/photos/424090667/medium.jpeg
238284455,b46437b5-84c4-416f-ae45-577cac929186,https://inaturalist-open-data.s3.amazonaws.com/photos/424201257/medium.jpeg
238284535,7609dacc-09ec-4d0c-8d42-578835086725,https://inaturalist-open-data.s3.amazonaws.com/photos/432733539/medium.jpeg
238296256,17a53148-92f9-4795-8d9d-4ba0fe370c27,https://inaturalist-open-data.s3.amazonaws.com/photos/424223063/medium.jpeg
238307768,f915891b-aed7-4098-b5cf-7abe9713e8ce,https://inaturalist-open-data.s3.amazonaws.com/photos/424246365/medium.jpeg
238421089,7e4331db-5f56-40f3-8e63-23c071e20b25,https://inaturalist-open-data.s3.amazonaws.com/photos/424467500/medium.jpeg
238558806,faa03b6b-cd9b-4dd8-b70d-a4dad2fce0c0,https://static.inaturalist.org/photos/424731699/medium.jpeg
238579016,b4fa2b63-347e-4fe0-b9a2-bc2acaf2b4e4,https://static.inaturalist.org/photos/424770463/medium.jpeg
238581073,9e84a9ef-1dd0-4744-99c0-ad741ca8f46f,https://inaturalist-open-data.s3.amazonaws.com/photos/424774566/medium.jpeg
238593069,1fd7741d-8c10-473f-b6eb-02c615196452,https://inaturalist-open-data.s3.amazonaws.com/photos/424789287/medium.jpg
238621436,1d8d8bbf-b666-4b54-b591-69a7f8abb3b3,https://inaturalist-open-data.s3.amazonaws.com/photos/424849486/medium.jpeg
238632351,5d56210d-33e0-4f19-984f-0376e9e27ffa,https://inaturalist-open-data.s3.amazonaws.com/photos/424870968/medium.jpeg
238657775,1c12dc8f-da39-4f86-b122-ff8940f6fb46,https://static.inaturalist.org/photos/424920016/medium.jpeg
238728964,9703be2a-5972-402d-bbe9-29aae7edfe2f,https://static.inaturalist.org/photos/425063847/medium.jpeg
238757571,04ba6827-f067-44f4-901c-defed840384e,https://static.inaturalist.org/photos/425119281/medium.jpeg
238762996,d5a467ff-e886-46df-b013-df46bb7942e2,https://static.inaturalist.org/photos/425129426/medium.jpeg
238781183,f3dd69c2-0a74-49bf-abd9-178ec56dabe2,https://inaturalist-open-data.s3.amazonaws.com/photos/425164080/medium.jpeg
238781738,1c26f9bf-6b01-46e0-af80-4b172494f4ff,https://inaturalist-open-data.s3.amazonaws.com/photos/425165054/medium.jpeg
238923699,42d0664e-7b7d-4fe2-924e-4499d001a227,https://static.inaturalist.org/photos/425439851/medium.jpeg
238924447,e9237467-c8ae-4168-baec-9412f29a54e0,https://inaturalist-open-data.s3.amazonaws.com/photos/429578083/medium.jpeg
238933656,86ca7e1d-fe08-4c9c-a32e-39cc4164ad22,https://inaturalist-open-data.s3.amazonaws.com/photos/425458977/medium.jpeg
238936129,1294fb53-202c-4247-a02e-8e5a66a86901,https://inaturalist-open-data.s3.amazonaws.com/photos/425463740/medium.jpeg
238970061,b7259b31-9503-4ee8-a09d-26dbca657852,https://inaturalist-open-data.s3.amazonaws.com/photos/425528034/medium.jpeg
239139291,fe16ec2c-ada3-4b95-9822-1fef5e39c652,https://static.inaturalist.org/photos/428041120/medium.jpeg
239151731,1c682195-7906-473e-aaf7-af0b2d0ddc7b,https://inaturalist-open-data.s3.amazonaws.com/photos/425882953/medium.jpeg
239151745,5cd2a40e-4d6b-4817-b834-efab80330e8a,https://inaturalist-open-data.s3.amazonaws.com/photos/425882988/medium.jpeg
239165503,6b4bb8d6-1d9a-4ae3-ab49-4948b2bcac0e,https://static.inaturalist.org/photos/431673078/medium.jpeg
239185093,b94b3d5f-14b7-4971-88a4-5f75df824583,https://inaturalist-open-data.s3.amazonaws.com/photos/425941437/medium.jpeg
239208333,d26c0441-5223-4c1a-9dba-97e0cd34be72,https://inaturalist-open-data.s3.amazonaws.com/photos/425990702/medium.jpeg
239246259,6ff6dadc-d943-4058-a59b-e5414c205a35,https://inaturalist-open-data.s3.amazonaws.com/photos/426064179/medium.jpeg
239251404,7e3d1d90-dbea-4410-97e9-03e63b17c571,https://inaturalist-open-data.s3.amazonaws.com/photos/426074611/medium.jpeg
239384474,b1cffec2-46e0-43d6-8a3a-d4ee2eb47321,https://inaturalist-open-data.s3.amazonaws.com/photos/426340338/medium.jpeg
239765828,c2060fa7-0e3c-4b40-b267-9995054b6e65,https://inaturalist-open-data.s3.amazonaws.com/photos/427078085/medium.jpeg
239774114,c015c2c3-c490-4132-8a25-dfc4a1c4dc97,https://inaturalist-open-data.s3.amazonaws.com/photos/443904205/medium.jpeg
239787598,a76eef78-d4cf-4b25-a370-30bcba1043c1,https://inaturalist-open-data.s3.amazonaws.com/photos/427119303/medium.jpeg
239810562,dd910c15-a2c3-4a17-a6e5-ad6c9bdb868f,https://inaturalist-open-data.s3.amazonaws.com/photos/427160316/medium.jpeg
239810630,9f11d3d3-e92f-476e-bf10-67f53cc92ee1,https://static.inaturalist.org/photos/427160519/medium.jpeg
239810891,30977521-61ed-4941-b823-77d85ebd47b2,https://inaturalist-open-data.s3.amazonaws.com/photos/427160996/medium.jpeg
239817743,f06c99f4-8ebd-4c97-8e85-fb916c532427,https://inaturalist-open-data.s3.amazonaws.com/photos/427172919/medium.jpeg
240032625,31fee2a7-25ee-4ebe-97bc-59677fb52375,https://static.inaturalist.org/photos/427576764/medium.jpg
240122866,a2ea7eec-0283-4512-b8d1-a675aaf156ea,https://inaturalist-open-data.s3.amazonaws.com/photos/427759446/medium.jpeg
240204807,eae98575-60f6-4ecd-9195-56e5c63c959e,https://inaturalist-open-data.s3.amazonaws.com/photos/427913717/medium.jpeg
240299367,88187d23-ef92-4f5f-bc1c-0b07b6e97371,https://static.inaturalist.org/photos/428104596/medium.jpeg
240301045,bef77b12-7f1a-42a8-a439-f86428fc9c12,https://inaturalist-open-data.s3.amazonaws.com/photos/428107715/medium.jpeg
240323590,92e362e2-b542-4986-b5b2-8a0602781350,https://static.inaturalist.org/photos/428148417/medium.jpeg
240324103,1dd9f6d4-5840-4982-85db-b849a54de14a,https://static.inaturalist.org/photos/428149433/medium.jpeg
240329313,6e484cb6-417b-47cc-ac44-2be32049ba92,https://inaturalist-open-data.s3.amazonaws.com/photos/428158803/medium.jpeg
240338389,575bed04-1d40-4085-98a5-143e72f85a5d,https://static.inaturalist.org/photos/428174229/medium.jpeg
240345734,8773f7eb-8980-4dc6-8639-7ce303cfa0d3,https://inaturalist-open-data.s3.amazonaws.com/photos/428187373/medium.jpeg
240351760,3f1d1d21-663f-444c-906c-192bf766ea2d,https://inaturalist-open-data.s3.amazonaws.com/photos/428198125/medium.jpeg
240354428,f6312de8-303e-4761-8d65-0c6571e654be,https://inaturalist-open-data.s3.amazonaws.com/photos/428202834/medium.jpeg
240359440,e86df11d-4486-4ead-a822-663c02bce7ee,https://static.inaturalist.org/photos/428211475/medium.jpeg
240363634,48d609d5-fab6-4ad0-a4f0-f67749087f8e,https://static.inaturalist.org/photos/428219708/medium.jpeg
240366464,664e6fa6-c9d3-4671-8872-c464ec728eb1,https://static.inaturalist.org/photos/428224781/medium.jpeg
240368520,f4530b6c-5e07-46b1-a880-355e90c40ec5,https://inaturalist-open-data.s3.amazonaws.com/photos/428228347/medium.jpeg
240407190,886abb2e-8332-46c3-bf5e-79d58b1f1e7e,https://inaturalist-open-data.s3.amazonaws.com/photos/428304302/medium.jpeg
240484011,c3082273-7a14-4ec2-82dc-4d32eb4df8a2,https://static.inaturalist.org/photos/428455029/medium.jpeg
240514020,0ab392f3-8812-41a8-8453-7f672e94dbf4,https://static.inaturalist.org/photos/428525274/medium.jpeg
240522783,267d32df-69fe-4b0e-98ce-7224b273ab51,https://static.inaturalist.org/photos/428530054/medium.jpeg
240550762,74014a3e-0ab5-460f-b3a2-2380f8d7161e,https://inaturalist-open-data.s3.amazonaws.com/photos/428587006/medium.jpeg
240722396,1013cfae-83f1-4706-8c2e-f2252e8462e0,https://static.inaturalist.org/photos/428916560/medium.jpeg
240733323,6a9421d5-15c6-418a-b5df-91f3a3eceec3,https://inaturalist-open-data.s3.amazonaws.com/photos/428938157/medium.jpeg
240747512,6d14e2c0-2567-41c6-80ef-4d4417c988a4,https://static.inaturalist.org/photos/428965614/medium.jpeg
240750710,85281da3-09eb-4818-ae51-f1da925a57e6,https://inaturalist-open-data.s3.amazonaws.com/photos/428972174/medium.jpeg
240795311,ac0b0105-af60-4a47-a133-95b619c4d44d,https://static.inaturalist.org/photos/429056943/medium.jpeg
240906909,40f64123-257a-4503-9370-40aa0863198d,https://inaturalist-open-data.s3.amazonaws.com/photos/429277102/medium.jpeg
240931262,886a5d41-b0a0-44ea-a2f5-ee5102593aff,https://inaturalist-open-data.s3.amazonaws.com/photos/429323383/medium.jpeg
240954183,d4249a73-138b-4245-a980-7dae8ac49f46,https://inaturalist-open-data.s3.amazonaws.com/photos/429365019/medium.jpeg
240988895,56f349da-a19f-4f15-9eea-c1785001bf97,https://static.inaturalist.org/photos/429428884/medium.jpeg
241142695,c00a0d16-748d-43d4-91d6-b71972f3cf15,https://inaturalist-open-data.s3.amazonaws.com/photos/429728995/medium.jpeg
241149604,4af75f6e-cff6-4e7d-8763-7558616700b1,https://inaturalist-open-data.s3.amazonaws.com/photos/429741489/medium.jpeg
241153066,78c31ff0-404e-45f4-a183-52416c0e7fff,https://static.inaturalist.org/photos/429748314/medium.jpeg
241153190,e3ae436f-c50e-48ae-ad14-1866da5707c1,https://static.inaturalist.org/photos/429748484/medium.jpeg
241160050,337656f5-1504-4a0b-b51a-753402487da4,https://inaturalist-open-data.s3.amazonaws.com/photos/429740207/medium.jpg
241201868,5892dceb-2b43-47de-9ea5-8381e4f46421,https://inaturalist-open-data.s3.amazonaws.com/photos/429842071/medium.jpeg
241241644,0169a596-bbbe-4c47-a184-d8529bb70646,https://inaturalist-open-data.s3.amazonaws.com/photos/429921332/medium.jpeg
241258716,b013e19f-8512-4b74-9ed2-367eb353a82f,https://inaturalist-open-data.s3.amazonaws.com/photos/429955334/medium.jpeg
241296978,a6b96b75-385d-483e-8374-ed8b6bda4a4c,https://inaturalist-open-data.s3.amazonaws.com/photos/430026547/medium.jpeg
241323120,c65a5dda-fb4d-4505-8066-dd611b443736,https://inaturalist-open-data.s3.amazonaws.com/photos/430075598/medium.jpeg
241323369,1e0f6d0e-fde5-492d-a2d7-76a88e681186,https://static.inaturalist.org/photos/430075970/medium.jpeg
241341015,62d0423d-901e-4515-9bc0-d5aaac09d0ee,https://static.inaturalist.org/photos/430110158/medium.jpeg
241347470,631b0f69-a4a5-49c2-bf95-c384b5ec80b2,https://inaturalist-open-data.s3.amazonaws.com/photos/430122491/medium.jpeg
241419713,401513c9-4b3c-4c41-a473-6e7a225f9ccc,https://inaturalist-open-data.s3.amazonaws.com/photos/430266007/medium.jpeg
241428188,d5ec722d-6447-43b7-9ed7-6b49d5df092f,https://inaturalist-open-data.s3.amazonaws.com/photos/430285209/medium.jpeg
241445642,2e8a2e01-5095-41da-aeb0-bc35c2577526,https://static.inaturalist.org/photos/430318480/medium.jpeg
241463979,d6ca0748-ea70-481c-b85f-487ab4c8bdb5,https://inaturalist-open-data.s3.amazonaws.com/photos/430351257/medium.jpeg
241464033,c3507b59-0386-4d9b-bb28-55a60eea9f76,https://inaturalist-open-data.s3.amazonaws.com/photos/430351393/medium.jpeg
241464999,e338b3a8-68a9-474a-9a89-e8a8b603dc25,https://inaturalist-open-data.s3.amazonaws.com/photos/430353081/medium.jpeg
241477227,538d9960-aef6-4249-95d5-b2b845803358,https://static.inaturalist.org/photos/430376065/medium.jpeg
241516853,0b58e2d3-e2cf-42a5-b235-cf84f74ea755,https://inaturalist-open-data.s3.amazonaws.com/photos/430434405/medium.jpg
241696648,dd76a149-7a14-47d4-ad47-c35f5b9cc93e,https://inaturalist-open-data.s3.amazonaws.com/photos/430789506/medium.jpeg
241711198,22c4f293-7e28-4227-8491-bdb9b1e2653e,https://inaturalist-open-data.s3.amazonaws.com/photos/430818412/medium.jpeg
241713010,57f9b549-3e69-40f0-8087-8656babeef83,https://inaturalist-open-data.s3.amazonaws.com/photos/430821648/medium.jpeg
241718318,e66f10e1-95b7-4726-89a3-e9460bb68a07,https://inaturalist-open-data.s3.amazonaws.com/photos/430832001/medium.jpeg
241720649,8c2a25d5-9e51-4145-af54-75a25ba67347,https://inaturalist-open-data.s3.amazonaws.com/photos/430837492/medium.jpeg
241845027,93b6b837-b26f-46e8-a15d-c0258c85cb34,https://inaturalist-open-data.s3.amazonaws.com/photos/431082648/medium.jpeg
241845392,12ac3d26-6981-4387-9c42-4fb9591336d1,https://inaturalist-open-data.s3.amazonaws.com/photos/431083354/medium.jpeg
241845509,e2f36c4f-aa2d-4782-b627-9acd50666803,https://inaturalist-open-data.s3.amazonaws.com/photos/431083576/medium.jpeg
241858381,5c2e4e67-ea0b-4af1-9760-cd448327513b,https://inaturalist-open-data.s3.amazonaws.com/photos/431107801/medium.jpeg
241881601,6d45674e-4d12-455d-837d-ae6aa9eb9d4b,https://static.inaturalist.org/photos/431149828/medium.jpeg
241897948,4ac5b67c-ce6d-42aa-85da-a9cb16e74f7a,https://static.inaturalist.org/photos/431178100/medium.jpeg
241911399,cf104d40-f085-483f-a64d-3e61e517217a,https://inaturalist-open-data.s3.amazonaws.com/photos/431203943/medium.jpeg
241930313,48d54595-2899-4d16-9dff-c98a0c882c32,https://inaturalist-open-data.s3.amazonaws.com/photos/431224082/medium.jpg
242023724,d8fe1539-2359-4247-96fe-e83966b6dc53,https://inaturalist-open-data.s3.amazonaws.com/photos/431426266/medium.jpeg
242079521,22476988-1c6e-479b-9e34-7992be8bdb85,https://static.inaturalist.org/photos/432230831/medium.jpeg
242120832,38de05e7-0d56-4597-b8ed-a39d88bb8fdd,https://inaturalist-open-data.s3.amazonaws.com/photos/431664951/medium.jpeg
242160177,70363dd7-728d-4a9b-9b1d-71b3dcc96d48,https://inaturalist-open-data.s3.amazonaws.com/photos/431686552/medium.jpeg
242264206,bb969d27-e89c-485a-9f8f-7eeeededa881,https://inaturalist-open-data.s3.amazonaws.com/photos/431906403/medium.jpeg
242307121,68829b5a-7bad-41b0-8711-481475b75765,https://inaturalist-open-data.s3.amazonaws.com/photos/431972042/medium.jpeg
242349035,b6ca3240-d545-4f60-b95d-5741119ecac7,https://inaturalist-open-data.s3.amazonaws.com/photos/432048178/medium.jpeg
242351701,9068a89f-5828-4870-84bf-444c4e18dfa4,https://inaturalist-open-data.s3.amazonaws.com/photos/432053646/medium.jpeg
242359475,bda3e087-0d94-49d1-b664-9e4590120edd,https://inaturalist-open-data.s3.amazonaws.com/photos/432036321/medium.jpg
242382048,e7555ade-fb8c-4af2-9d1f-d9ed65cc8be7,https://inaturalist-open-data.s3.amazonaws.com/photos/432113083/medium.jpeg
242519310,98b904c1-83d8-499b-aad0-911887ee28f1,https://inaturalist-open-data.s3.amazonaws.com/photos/432345878/medium.jpeg
242625134,885cfcd9-d0c9-44de-9441-859a0af5b788,https://inaturalist-open-data.s3.amazonaws.com/photos/432552220/medium.jpeg
242648473,22d1bf09-a197-4a39-85d7-fb6decac9af1,https://inaturalist-open-data.s3.amazonaws.com/photos/432595771/medium.jpeg
242685189,230bf68f-0f80-4c16-8947-c6fe81df7759,https://static.inaturalist.org/photos/432658637/medium.jpg
242742779,64bd1027-af3f-477a-93d9-bb639cd5ad9d,https://static.inaturalist.org/photos/432766142/medium.jpeg
242758133,ae6e9f78-5a75-4a17-a0c7-ce4546c422ad,https://inaturalist-open-data.s3.amazonaws.com/photos/432798101/medium.jpeg
242824032,e59948c5-2817-4533-9316-fa49bba31526,https://inaturalist-open-data.s3.amazonaws.com/photos/432927507/medium.jpeg
242854287,75393e00-717c-41be-8986-ac37f369b049,https://inaturalist-open-data.s3.amazonaws.com/photos/433071821/medium.jpeg
242864391,1f88478e-1508-443f-8186-eac2d3e9242d,https://inaturalist-open-data.s3.amazonaws.com/photos/433000219/medium.jpeg
242911324,a9bd9cda-f1a5-4b10-a8d2-5b8a49ca0d7d,https://inaturalist-open-data.s3.amazonaws.com/photos/433084655/medium.jpeg
242932745,9fac2bab-d5c7-45f7-9a44-d1ab521350a0,https://inaturalist-open-data.s3.amazonaws.com/photos/433117303/medium.jpeg
242933180,f3b9396d-4b0c-4678-a076-b350e4b0c17d,https://inaturalist-open-data.s3.amazonaws.com/photos/433124305/medium.jpeg
242937717,a35c7ec7-f2e9-4966-8c6e-80ea3ba00931,https://inaturalist-open-data.s3.amazonaws.com/photos/433125555/medium.jpg
242937721,9b83eafc-41f3-4d6a-b0a9-5a83797e784b,https://inaturalist-open-data.s3.amazonaws.com/photos/433125586/medium.jpg
242937725,16ea6215-10ff-4595-b097-c04d243dd51b,https://inaturalist-open-data.s3.amazonaws.com/photos/433125630/medium.jpg
243059022,74dff30d-b447-408a-97c4-a1ae8a36a21e,https://static.inaturalist.org/photos/433369567/medium.jpeg
243073662,aeaf746c-b29d-4ad9-a545-4b48e2498263,https://inaturalist-open-data.s3.amazonaws.com/photos/433396632/medium.jpeg
243124587,4469187e-7c88-4b51-ac61-31f2e58be200,https://inaturalist-open-data.s3.amazonaws.com/photos/433487108/medium.jpeg
243132145,84f68bb8-5fa3-4e62-96e7-a29b53b40ffa,https://inaturalist-open-data.s3.amazonaws.com/photos/433500553/medium.jpeg
243212196,8e312220-a5e2-4531-ad17-6a35a46d24d1,https://inaturalist-open-data.s3.amazonaws.com/photos/433654906/medium.jpeg
243268661,73b28917-0f54-4b6f-ac2d-5388cc55c1ed,https://inaturalist-open-data.s3.amazonaws.com/photos/433768169/medium.jpeg
243277035,26d54f28-14bb-4838-a1fe-0f1d26a92b08,https://inaturalist-open-data.s3.amazonaws.com/photos/433786070/medium.jpeg
243291621,7f7284c6-e6df-4836-9afc-2f247dbbaab6,https://inaturalist-open-data.s3.amazonaws.com/photos/433813540/medium.jpeg
243311945,c3fbd677-7d0a-4819-b48f-176943801938,https://inaturalist-open-data.s3.amazonaws.com/photos/433851789/medium.jpeg
243329775,87885cff-f409-47e0-87a4-d9460e9e01e6,https://static.inaturalist.org/photos/433883831/medium.jpeg
243411101,166bedf8-9e84-429a-8365-f7ce2632b7dc,https://inaturalist-open-data.s3.amazonaws.com/photos/434031006/medium.jpeg
243411793,4ba158d3-f2f3-4895-8b43-be432824bda7,https://static.inaturalist.org/photos/434032186/medium.jpeg
243412317,7de2151b-8a7d-4896-8b15-a4440c4b8245,https://inaturalist-open-data.s3.amazonaws.com/photos/434033032/medium.jpeg
243421600,5f95e754-0e75-49ab-9c3a-1edce2c1bde8,https://static.inaturalist.org/photos/434050812/medium.jpeg
243422731,38abd09d-5264-4a27-982a-f7812d52bea5,https://inaturalist-open-data.s3.amazonaws.com/photos/434049808/medium.jpg
243427615,27c2611e-d423-4b56-8be0-1394c91fb029,https://inaturalist-open-data.s3.amazonaws.com/photos/434062605/medium.jpeg
243429547,5c9fa2d4-b94b-45c4-a932-7aa2be285e19,https://inaturalist-open-data.s3.amazonaws.com/photos/434066418/medium.jpeg
243442897,7200e2de-d761-4f32-b8a7-6f39fc90a166,https://inaturalist-open-data.s3.amazonaws.com/photos/434091116/medium.jpeg
243463653,3a39e0d1-3316-452f-8f94-7e5b8feab5d6,https://inaturalist-open-data.s3.amazonaws.com/photos/434132199/medium.jpeg
243465670,9b397885-a3ad-40bd-9cd5-fd3fb9afd7fd,https://inaturalist-open-data.s3.amazonaws.com/photos/434136861/medium.jpeg
243499261,9904f3aa-e14f-408e-b2a5-dee07665aaf4,https://inaturalist-open-data.s3.amazonaws.com/photos/434202379/medium.jpeg
243499317,5a28c9e1-54b4-4588-8318-da747333d12a,https://inaturalist-open-data.s3.amazonaws.com/photos/434202472/medium.jpeg
243551737,4bb8fb36-34f2-4407-8018-773a5cea1c63,https://inaturalist-open-data.s3.amazonaws.com/photos/434305022/medium.jpeg
243564742,f6e7dfe7-7617-43a4-a52d-3ee14bd2ce98,https://inaturalist-open-data.s3.amazonaws.com/photos/434364606/medium.jpeg
243578850,68f7a9a2-f42d-4843-9db8-e4c2d5598030,https://inaturalist-open-data.s3.amazonaws.com/photos/434357243/medium.jpeg
243580605,98364063-2dff-498b-8637-9bdad3a5e706,https://static.inaturalist.org/photos/434360964/medium.jpeg
243591189,e396c5f3-b5a7-409c-9274-c334f2b46450,https://static.inaturalist.org/photos/434380523/medium.jpeg
243737131,8433779d-27c3-4b9d-9e04-558a3af6ac15,https://inaturalist-open-data.s3.amazonaws.com/photos/434663771/medium.jpeg
243743730,31d8b2b4-5be2-415e-9e29-459c097317f3,https://inaturalist-open-data.s3.amazonaws.com/photos/434677401/medium.jpeg
243772355,32ce8229-b91f-4de0-82aa-b3e6b1686493,https://inaturalist-open-data.s3.amazonaws.com/photos/434736019/medium.jpeg
243788139,2c39fbbd-5697-40ec-945d-ebd59f56e1ce,https://static.inaturalist.org/photos/434764881/medium.jpeg
243798481,be0e0ddd-45e3-4069-bed5-e6dacd3608fa,https://inaturalist-open-data.s3.amazonaws.com/photos/434781869/medium.jpg
243824109,85e9dbc8-ef18-4257-a1c1-b1551f65b30d,https://static.inaturalist.org/photos/434829132/medium.jpeg
243828360,d874738b-7d3f-414f-a529-806197387ec9,https://inaturalist-open-data.s3.amazonaws.com/photos/434836390/medium.jpeg
243828683,2d56b89c-5edb-4f1a-b175-d07534a76651,https://inaturalist-open-data.s3.amazonaws.com/photos/434836841/medium.jpg
243832222,c05c2f56-e35c-4291-b14b-79bac44c7910,https://inaturalist-open-data.s3.amazonaws.com/photos/434844395/medium.jpeg
243856808,448fb892-7217-4329-9b74-924183de935f,https://inaturalist-open-data.s3.amazonaws.com/photos/434889422/medium.jpeg
243863214,463fad73-9529-4bd0-999e-c25330a1b5b8,https://inaturalist-open-data.s3.amazonaws.com/photos/434903991/medium.jpeg
243924586,744d373b-42fb-44d2-ab50-d2aa34297014,https://inaturalist-open-data.s3.amazonaws.com/photos/435140545/medium.jpeg
243930278,e006a09f-3c31-4ed8-8a59-04c46395008d,https://inaturalist-open-data.s3.amazonaws.com/photos/435039006/medium.jpeg
243937420,e934f754-e97f-4f90-be10-5e6af7aa9e19,https://static.inaturalist.org/photos/435053562/medium.jpeg
243940613,db14682b-dd98-4697-bbbe-e40f222b2fc2,https://inaturalist-open-data.s3.amazonaws.com/photos/435060312/medium.jpeg
243941102,f3f526fa-db52-4a06-aaee-4d5dff161e97,https://inaturalist-open-data.s3.amazonaws.com/photos/435061273/medium.jpeg
243960228,45e73515-e50b-4f0d-8731-3261817033e7,https://inaturalist-open-data.s3.amazonaws.com/photos/435098590/medium.jpeg
244007445,19946a3a-9868-475c-90ce-42c75498d2a6,https://inaturalist-open-data.s3.amazonaws.com/photos/435188205/medium.jpeg
244050997,bcd29c13-aee0-4a82-91d0-b2b1d04a74d6,https://inaturalist-open-data.s3.amazonaws.com/photos/435275661/medium.jpeg
244127381,82f01fd7-180c-49dc-a2f3-72f5e1cfdc8e,https://inaturalist-open-data.s3.amazonaws.com/photos/435432640/medium.jpeg
244209424,b238dd9d-a9a1-4227-bef8-f0ed05f7c5c4,https://inaturalist-open-data.s3.amazonaws.com/photos/435588875/medium.jpeg
244270361,a73ba0e4-e4ba-46d9-b189-a7869b293300,https://static.inaturalist.org/photos/435713894/medium.jpeg
244291399,b64b43e7-b519-46e3-9b82-894e3782b752,https://inaturalist-open-data.s3.amazonaws.com/photos/435753564/medium.jpeg
244311588,8653a620-3e1f-4b9f-97c5-d0b01c9c820e,https://inaturalist-open-data.s3.amazonaws.com/photos/435782005/medium.jpeg
244312110,7f9a22eb-9c02-4451-88c5-028827e5aa6b,https://static.inaturalist.org/photos/435783258/medium.jpeg
244331266,4ced2d78-d0b0-4634-9b77-8b0df7270560,https://inaturalist-open-data.s3.amazonaws.com/photos/435817730/medium.jpeg
244357916,547adb96-09d8-4234-b4d7-72379e6ac01c,https://inaturalist-open-data.s3.amazonaws.com/photos/435859015/medium.jpeg
244390373,5fa3591c-b04e-41b3-9f89-de3b189caf53,https://inaturalist-open-data.s3.amazonaws.com/photos/435920991/medium.jpeg
244458820,889ac7a9-3519-45c3-a127-bdcd381355c5,https://inaturalist-open-data.s3.amazonaws.com/photos/436059489/medium.jpeg
244470880,e828fe15-d680-40e0-98fc-e8cb1b5e2506,https://inaturalist-open-data.s3.amazonaws.com/photos/436083014/medium.jpeg
244476699,1837bc49-a686-4f5b-ade5-24fc5a2c0a50,https://inaturalist-open-data.s3.amazonaws.com/photos/436094055/medium.jpeg
244484693,9fb85863-87fc-4128-a558-914b6e46438f,https://inaturalist-open-data.s3.amazonaws.com/photos/436105070/medium.jpg
244507027,909a496d-4c78-4269-8805-1679c2543f12,https://static.inaturalist.org/photos/436150170/medium.jpeg
244527879,7e3c9088-f5a0-4b8a-b495-4a669c2587cb,https://inaturalist-open-data.s3.amazonaws.com/photos/436189407/medium.jpeg
244536208,6e5da30c-bf06-4965-aa63-7144c014f4a1,https://static.inaturalist.org/photos/436205722/medium.jpeg
244635106,d7ae7a3b-a500-40e1-a889-62dbcfee8f79,https://inaturalist-open-data.s3.amazonaws.com/photos/436402969/medium.jpeg
244648538,19815dfb-b23b-4695-81d9-b4645826509b,https://static.inaturalist.org/photos/436432386/medium.jpeg
244653244,ab81dfc3-8dc1-4e83-838e-a90add793e92,https://static.inaturalist.org/photos/436441577/medium.jpeg
244677287,2e07da2a-2ef8-44b9-ad85-08e74194734e,https://inaturalist-open-data.s3.amazonaws.com/photos/436487826/medium.jpeg
244687324,888fd292-1088-43a9-8716-817ac9aca39b,https://inaturalist-open-data.s3.amazonaws.com/photos/436507292/medium.jpeg
244698098,8374cdfc-c974-4430-8436-15b672a55641,https://inaturalist-open-data.s3.amazonaws.com/photos/436528323/medium.jpeg
244698987,acd56186-a4d4-4f42-a228-7b187a82c139,https://inaturalist-open-data.s3.amazonaws.com/photos/436529919/medium.jpeg
244707575,a811155b-5398-4a02-85d4-05fbbf8d604f,https://inaturalist-open-data.s3.amazonaws.com/photos/436546495/medium.jpeg
244711895,9b8c6605-233b-43cb-be25-5f023b19a160,https://inaturalist-open-data.s3.amazonaws.com/photos/436555420/medium.jpeg
244747370,ea92cdcf-b2a3-4d17-85a5-78e43c28736f,https://inaturalist-open-data.s3.amazonaws.com/photos/436619911/medium.jpeg
244750061,b20c2390-9c8e-455b-8804-2d4dca1a0c64,https://inaturalist-open-data.s3.amazonaws.com/photos/436625354/medium.jpeg
244756566,ff0bd7e6-5467-402a-8ab5-d683f012ab28,https://inaturalist-open-data.s3.amazonaws.com/photos/436635880/medium.jpeg
244772796,eb817412-7222-45e6-a565-ffa2e763a4c4,https://static.inaturalist.org/photos/436668713/medium.jpeg
244854786,3a557c5d-6bce-4691-bdf6-fa81699ec59c,https://inaturalist-open-data.s3.amazonaws.com/photos/436836343/medium.jpeg
244911128,6adcf81d-4497-479c-a04b-639dee322f91,https://inaturalist-open-data.s3.amazonaws.com/photos/436945361/medium.jpeg
244924243,d475b2f1-f7a6-40f0-8ffd-456097b12553,https://inaturalist-open-data.s3.amazonaws.com/photos/436971108/medium.jpeg
244926359,8b4efca9-3ba0-4140-8938-f2a0f4ef64df,https://inaturalist-open-data.s3.amazonaws.com/photos/436974935/medium.jpeg
244947612,a076d588-625f-4282-8441-3f65d220e7a2,https://static.inaturalist.org/photos/437014523/medium.jpeg
244948282,8c66c351-d6d5-43e1-849f-e35368cf976c,https://inaturalist-open-data.s3.amazonaws.com/photos/437015213/medium.jpeg
244961198,40558f48-b19f-415c-86df-f61f0e4e1d03,https://inaturalist-open-data.s3.amazonaws.com/photos/437039955/medium.jpg
245044877,31329a0a-0ddb-4f2c-a3ac-973df9c69384,https://static.inaturalist.org/photos/437204813/medium.jpeg
245045506,999e9188-d9a5-473e-b3ef-8e11b8585db0,https://static.inaturalist.org/photos/437205901/medium.jpeg
245046789,f26240a4-c4af-450d-b22c-146e705434df,https://inaturalist-open-data.s3.amazonaws.com/photos/437208359/medium.jpeg
245050931,e7eb5e78-7165-4dd8-8aa6-79e7179309ac,https://inaturalist-open-data.s3.amazonaws.com/photos/437292922/medium.jpeg
245077626,6d3d94bb-c89a-4918-8175-ae3abbc2294d,https://inaturalist-open-data.s3.amazonaws.com/photos/437264678/medium.jpeg
245086708,3822d85e-97d4-4876-8c88-9e2507e69e67,https://inaturalist-open-data.s3.amazonaws.com/photos/437281006/medium.jpeg
245094644,80b173e0-3d1c-4f67-8d80-821e2862c61c,https://inaturalist-open-data.s3.amazonaws.com/photos/437287441/medium.jpg
245136599,9e9a58d6-9376-4439-9671-e1670a142793,https://static.inaturalist.org/photos/437380075/medium.jpeg
245160048,f854c558-c687-446c-b4e4-1f5af867417c,https://static.inaturalist.org/photos/437428316/medium.jpeg
245239621,4ecd18e6-8fbc-42b4-bfec-8f54848495db,https://inaturalist-open-data.s3.amazonaws.com/photos/437582196/medium.jpg
245253458,9eb1167a-8b52-4e07-8c8e-7b9afc279b1e,https://inaturalist-open-data.s3.amazonaws.com/photos/437610151/medium.jpeg
245280309,670d96c1-6026-410e-90ba-8297cd52f02b,https://static.inaturalist.org/photos/437661276/medium.jpeg
245280449,503c29fe-512b-402c-b777-cfbcc5b2faea,https://inaturalist-open-data.s3.amazonaws.com/photos/437661469/medium.jpeg
245283063,3476e07c-89ff-4a43-be8c-71c1f49f4a26,https://inaturalist-open-data.s3.amazonaws.com/photos/437665977/medium.jpeg
245306063,4ca1307e-8360-46ea-b057-92a615b7b561,https://inaturalist-open-data.s3.amazonaws.com/photos/437710343/medium.jpeg
245371729,866fbff7-a0b9-4304-8c79-f192a4928194,https://inaturalist-open-data.s3.amazonaws.com/photos/437845666/medium.jpeg
245374504,4ffa7b3c-38f8-4860-9975-5696ec672077,https://inaturalist-open-data.s3.amazonaws.com/photos/437851434/medium.jpeg
245374847,4db1107c-4aea-4534-be35-806c9b72d889,https://inaturalist-open-data.s3.amazonaws.com/photos/437852194/medium.jpeg
245375283,666624f6-66cb-4980-af8c-edeaf5339fa1,https://inaturalist-open-data.s3.amazonaws.com/photos/437853145/medium.jpeg
245375432,5937550e-76dd-4be8-a8f8-108fa3e3597c,https://inaturalist-open-data.s3.amazonaws.com/photos/437853189/medium.jpeg
245378088,95dbc3d6-737a-403a-b721-58f5b5f1a535,https://inaturalist-open-data.s3.amazonaws.com/photos/437858574/medium.jpeg
245384767,206feac7-48a4-44c5-97da-bcbb747f3aa7,https://static.inaturalist.org/photos/437871363/medium.jpeg
245394278,b938c322-7305-4469-b6a0-7b0ea25d3b03,https://inaturalist-open-data.s3.amazonaws.com/photos/437888492/medium.jpeg
245396428,e8887c0c-cb87-4012-a976-920e4d80900f,https://inaturalist-open-data.s3.amazonaws.com/photos/437892889/medium.jpeg
245412807,553bcd0c-8a42-45f4-b7a1-33760348ef3f,https://inaturalist-open-data.s3.amazonaws.com/photos/437988366/medium.jpeg
245412886,8337b8c2-1648-4ea0-9122-2fbde9b52753,https://inaturalist-open-data.s3.amazonaws.com/photos/437925591/medium.jpeg
245421459,64b68fdb-ebc1-41c0-92b5-ef6694b443f0,https://inaturalist-open-data.s3.amazonaws.com/photos/437940573/medium.jpeg
245437811,fbcb4c98-f1d1-4273-b970-ca56d80202bd,https://inaturalist-open-data.s3.amazonaws.com/photos/437970442/medium.jpeg
245438522,aad5834e-9dec-411a-a38b-482a7d2d3f57,https://inaturalist-open-data.s3.amazonaws.com/photos/437971758/medium.jpeg
245457521,7baefdef-7e64-4235-83c0-2db13f267aed,https://inaturalist-open-data.s3.amazonaws.com/photos/438008755/medium.jpeg
245464065,6766cda6-4bee-46d3-8ffa-6cf1f6eca4b0,https://inaturalist-open-data.s3.amazonaws.com/photos/438021876/medium.jpeg
245527755,229ba24d-0f22-46a9-9aa9-ff61129e51fe,https://inaturalist-open-data.s3.amazonaws.com/photos/438153697/medium.jpeg
245530356,c77dfaff-1881-4017-9945-18bd583e88fd,https://inaturalist-open-data.s3.amazonaws.com/photos/438158938/medium.jpeg
245531214,50470f92-9706-40fb-974d-82340a6e2e48,https://inaturalist-open-data.s3.amazonaws.com/photos/438161255/medium.jpeg
245572419,946387a8-82aa-485a-b71f-8828c5e0ab84,https://inaturalist-open-data.s3.amazonaws.com/photos/438235280/medium.jpg
245584240,6ea49f8b-4fff-4c37-9511-25c5130931f3,https://inaturalist-open-data.s3.amazonaws.com/photos/438262854/medium.jpeg
245599360,2347f6a6-14d3-4a27-ba39-cdcbbd75092f,https://inaturalist-open-data.s3.amazonaws.com/photos/438291662/medium.jpeg
245618838,666cb4e3-2e8b-49a5-b74b-b2b933d69750,https://inaturalist-open-data.s3.amazonaws.com/photos/438331156/medium.jpeg
245740439,943ef2f3-203b-45fc-a73b-64ad0d3b89f1,https://static.inaturalist.org/photos/438572176/medium.jpeg
245748176,21633038-e28c-4165-a983-b7cfed91d744,https://inaturalist-open-data.s3.amazonaws.com/photos/438586401/medium.jpeg
245754868,44f976eb-8297-4400-8735-97573daafdd2,https://inaturalist-open-data.s3.amazonaws.com/photos/438599321/medium.jpeg
245765630,240a6d92-0f95-4a90-a9a7-339dfca72f90,https://inaturalist-open-data.s3.amazonaws.com/photos/438619146/medium.jpeg
245773491,ce224fd7-4da1-4f07-8b4b-adb8ff11e844,https://inaturalist-open-data.s3.amazonaws.com/photos/438633126/medium.jpeg
245773633,d6b2ae40-ed5d-4c17-87bd-300a40d8d406,https://inaturalist-open-data.s3.amazonaws.com/photos/438633314/medium.jpeg
245780403,b7d451b5-5d35-4727-a33d-86213904e877,https://inaturalist-open-data.s3.amazonaws.com/photos/438645358/medium.jpeg
245780516,cc67f73e-4159-48c3-b51f-99a45656f602,https://inaturalist-open-data.s3.amazonaws.com/photos/438646349/medium.jpeg
245780721,83dde20d-a2fb-4623-9625-80423a1ef3d0,https://inaturalist-open-data.s3.amazonaws.com/photos/438646888/medium.jpeg
245784789,93e9b797-2b2f-4675-baee-cce1510fbdad,https://static.inaturalist.org/photos/438654349/medium.jpeg
245790178,af0f8f97-51cc-494a-8676-d627de561c15,https://inaturalist-open-data.s3.amazonaws.com/photos/438658401/medium.jpg
245790364,38906afe-eb20-49b7-bddf-51e70d13f1ac,https://inaturalist-open-data.s3.amazonaws.com/photos/438656941/medium.jpeg
245815820,d252f037-bbaf-4ceb-978b-c3e71a40b7da,https://inaturalist-open-data.s3.amazonaws.com/photos/438698189/medium.jpeg
245830839,f9cc2eec-9edc-4aa4-95e7-596eea5c5569,https://inaturalist-open-data.s3.amazonaws.com/photos/438742580/medium.jpeg
245862401,7d64a605-1c33-4da1-bfe3-ebe1360761ab,https://inaturalist-open-data.s3.amazonaws.com/photos/438807314/medium.jpeg
245896920,89be1c07-d969-4453-8fb7-ec22c6e77514,https://inaturalist-open-data.s3.amazonaws.com/photos/438875778/medium.jpeg
245912573,511b9579-6823-4db1-912d-36c4583221fb,https://inaturalist-open-data.s3.amazonaws.com/photos/438907675/medium.jpeg
245914688,9facd9e0-3fdc-4ae5-972c-63a67aa12024,https://static.inaturalist.org/photos/438911937/medium.jpeg
245921963,d60099ce-955e-4dca-807e-83df4c494240,https://inaturalist-open-data.s3.amazonaws.com/photos/438930912/medium.jpeg
245922967,d4314f58-3f15-4f2d-a5f6-9e50811d8739,https://inaturalist-open-data.s3.amazonaws.com/photos/438928174/medium.jpeg
245923928,283fd82d-473e-4995-95ca-c12056170553,https://static.inaturalist.org/photos/438930215/medium.jpeg
245924580,c4a8b558-26b7-4407-908d-e6672bdf957f,https://inaturalist-open-data.s3.amazonaws.com/photos/438931713/medium.jpeg
245937003,9b174f85-35ac-464a-8e51-bce5a2e02d8e,https://inaturalist-open-data.s3.amazonaws.com/photos/438955539/medium.jpeg
245945728,6302d5b7-1c1f-4db9-8ebd-26a45e3ea52a,https://inaturalist-open-data.s3.amazonaws.com/photos/439005661/medium.jpeg
245952218,de4b5d3e-cc6e-4db2-9947-61487251a6c8,https://inaturalist-open-data.s3.amazonaws.com/photos/438983932/medium.jpeg
245956930,66448b9d-f856-4066-9e97-0c16ce2e1cd8,https://static.inaturalist.org/photos/438993265/medium.jpeg
245974097,97137b0a-e487-4d17-8d39-b824c21b97fb,https://static.inaturalist.org/photos/439026936/medium.jpeg
245990875,61f372c9-fa18-4b76-b4fd-7afe0be84776,https://inaturalist-open-data.s3.amazonaws.com/photos/439057915/medium.jpeg
245993007,9d848ded-a85f-487c-81b1-a914d3558401,https://inaturalist-open-data.s3.amazonaws.com/photos/439062089/medium.jpeg
245993248,ad939adc-712c-4980-bffa-6d95320e07d5,https://inaturalist-open-data.s3.amazonaws.com/photos/439062573/medium.jpeg
245995949,6b2f65f6-ddea-43c7-8530-4b2e31ddaec8,https://static.inaturalist.org/photos/439067740/medium.jpeg
246000315,f3c7740e-c2f1-4a53-a80f-41d83a0d4345,https://static.inaturalist.org/photos/439076512/medium.jpeg
246026182,2291ead6-4a37-4fad-9f48-63db660cdc26,https://inaturalist-open-data.s3.amazonaws.com/photos/439124119/medium.jpg
246037942,d45f5259-4a13-4f9b-a9db-75f720ae0a53,https://inaturalist-open-data.s3.amazonaws.com/photos/439147709/medium.jpeg
246142648,fbc26f0c-cc53-484f-8b15-16e5e3ed227c,https://inaturalist-open-data.s3.amazonaws.com/photos/439433386/medium.jpeg
246146984,1a918264-e270-449f-a503-44606b9736d1,https://inaturalist-open-data.s3.amazonaws.com/photos/439368790/medium.jpeg
246159207,ff8ddb22-d13a-4ce6-ad86-5383e2f9d4d3,https://inaturalist-open-data.s3.amazonaws.com/photos/439392320/medium.jpeg
246163018,5e22f105-8f7c-468c-9a91-e29395b81731,https://static.inaturalist.org/photos/439399911/medium.jpeg
246176877,4479613b-f47a-464d-9b8a-0cc8d00cf6b2,https://static.inaturalist.org/photos/439428826/medium.jpeg
246195084,233c8148-9885-49a6-b037-f7981d0e7d93,https://inaturalist-open-data.s3.amazonaws.com/photos/439430761/medium.jpg
246216003,2917bc3c-c03b-487e-ba42-5953fe21d435,https://inaturalist-open-data.s3.amazonaws.com/photos/439503078/medium.jpeg
246219354,ae84e782-9d91-4626-9d71-051b7c2d04bf,https://inaturalist-open-data.s3.amazonaws.com/photos/439509891/medium.jpeg
246224037,78dcd356-4df4-4ec4-8512-1d324ac547c1,https://inaturalist-open-data.s3.amazonaws.com/photos/439519009/medium.jpeg
246288048,51b5b4ec-7a21-438d-a7dd-0a4d430feed0,https://inaturalist-open-data.s3.amazonaws.com/photos/439648926/medium.jpeg
246307609,4da1ff9a-219e-447c-847c-b76c1fcd39eb,https://inaturalist-open-data.s3.amazonaws.com/photos/439673529/medium.jpeg
246312947,fb3ddf7c-00fd-4665-88a3-95df0e4c19cf,https://inaturalist-open-data.s3.amazonaws.com/photos/439701131/medium.jpeg
246313913,46323277-c25f-4722-8de7-e2e80ed4ecf2,https://inaturalist-open-data.s3.amazonaws.com/photos/439703231/medium.jpeg
246331400,b5bf5c71-cfb6-41ac-b420-c2055efa88b1,https://inaturalist-open-data.s3.amazonaws.com/photos/439736958/medium.jpeg
246339223,cd85256a-e51e-4bdd-93d6-5af9d7479c75,https://static.inaturalist.org/photos/439752526/medium.jpeg
246341149,cde1f8bf-7a42-41cd-8f12-6a686bae15bf,https://inaturalist-open-data.s3.amazonaws.com/photos/439756931/medium.jpeg
246351578,b6803f91-524d-4ceb-8911-6be523449766,https://inaturalist-open-data.s3.amazonaws.com/photos/439776283/medium.jpeg
246354578,b4194af8-a592-4247-8335-136abbfc7632,https://inaturalist-open-data.s3.amazonaws.com/photos/439781770/medium.jpeg
246374237,4b0f8a44-7f08-47e9-978a-150685fe4e6d,https://inaturalist-open-data.s3.amazonaws.com/photos/439819698/medium.jpeg
246384468,af4f745c-931e-4ba4-a560-b94e6ab509a7,https://inaturalist-open-data.s3.amazonaws.com/photos/439841078/medium.jpeg
246384985,12dbf649-f997-4ae0-af01-8d620ccb3cc9,https://static.inaturalist.org/photos/439842099/medium.jpeg
246443243,00538e9b-7587-490e-99c1-69503eb4c8f7,https://static.inaturalist.org/photos/439961551/medium.jpeg
246446230,d4ce522c-eda5-4a1b-8835-c1cee6660ab9,https://inaturalist-open-data.s3.amazonaws.com/photos/439998523/medium.jpeg
246446280,28b2e29e-7cfb-45f0-8842-73099037636b,https://inaturalist-open-data.s3.amazonaws.com/photos/439962238/medium.jpeg
246453182,d7004631-2999-4908-acb4-54ef3b8dee1e,https://inaturalist-open-data.s3.amazonaws.com/photos/439982426/medium.jpeg
246469102,9d0f8470-981e-4641-85b7-0175078c0277,https://static.inaturalist.org/photos/440012558/medium.jpeg
246474712,da9e8e5f-f406-4588-8e8f-6de2deee5040,https://inaturalist-open-data.s3.amazonaws.com/photos/440023229/medium.jpeg
246481675,52ecf5e9-5d15-4087-888e-f2744b325055,https://inaturalist-open-data.s3.amazonaws.com/photos/440036797/medium.jpeg
246525209,65979856-cb2e-4771-a1d9-7e25f238f0fe,https://inaturalist-open-data.s3.amazonaws.com/photos/440875038/medium.jpeg
246597594,53b99bc3-6fc7-439f-9584-c1943b8c3a4b,https://static.inaturalist.org/photos/440267469/medium.jpeg
246604833,19b6bd27-1573-4e30-bb9b-307f0e356eba,https://inaturalist-open-data.s3.amazonaws.com/photos/440854928/medium.jpeg
246612986,b3bb6475-a192-4d70-8a35-ce86e5552a3d,https://static.inaturalist.org/photos/440296528/medium.jpeg
246666061,d22d0b72-0014-453a-9af2-9a4667bf6a78,https://inaturalist-open-data.s3.amazonaws.com/photos/440391713/medium.jpeg
246747177,fd2e5862-f108-470e-a58b-fa1f0802b200,https://inaturalist-open-data.s3.amazonaws.com/photos/440561594/medium.jpeg
246763871,a4216677-004e-4fc5-88d2-49028f029195,https://inaturalist-open-data.s3.amazonaws.com/photos/440593876/medium.jpeg
246769630,e2a6c03f-5142-434f-98c1-d63fe1837672,https://static.inaturalist.org/photos/440604755/medium.jpeg
246770406,39f5644d-c4c9-4a2d-9819-32335c77f383,https://inaturalist-open-data.s3.amazonaws.com/photos/440606396/medium.jpeg
246806380,d2a613df-9992-4573-a684-cdf3f7f4ed68,https://inaturalist-open-data.s3.amazonaws.com/photos/440675931/medium.jpeg
246807439,b2218379-249f-4031-b673-3aebe576a54a,https://inaturalist-open-data.s3.amazonaws.com/photos/440678050/medium.jpeg
246879543,4542ae05-9faf-4089-a250-f911aa9dca62,https://inaturalist-open-data.s3.amazonaws.com/photos/440822735/medium.jpeg
246904367,fd2ad64e-94a6-4824-b213-1a01ad6f41b8,https://static.inaturalist.org/photos/440873223/medium.jpeg
246904485,97ff16fb-8add-4fbc-a613-88d6045e857a,https://static.inaturalist.org/photos/440873426/medium.jpeg
246908625,bb5e463f-ec4f-4924-8b1d-1a5dc6c86fbb,https://static.inaturalist.org/photos/440880811/medium.jpeg
246909017,e78cd3b6-77be-4e11-94b3-4ceaf5240dee,https://inaturalist-open-data.s3.amazonaws.com/photos/440881031/medium.jpeg
246912173,14a18689-aae1-4d18-bdc6-3f5decde8357,https://inaturalist-open-data.s3.amazonaws.com/photos/440887638/medium.jpeg
246917446,d718cbd1-e1d1-4678-bc1a-7ebad620ac99,https://inaturalist-open-data.s3.amazonaws.com/photos/440897921/medium.jpeg
246920494,9f7e1b82-b589-42ab-81e9-dbfcd1cb7f24,https://inaturalist-open-data.s3.amazonaws.com/photos/440903737/medium.jpeg
246920692,bee31093-7d31-4902-81ac-6217051e5f28,https://inaturalist-open-data.s3.amazonaws.com/photos/440904462/medium.jpeg
246930886,55668e5d-ae50-4ad0-9c47-6ceb7e4952c3,https://inaturalist-open-data.s3.amazonaws.com/photos/441089153/medium.jpeg
246941008,864a86b3-1552-4c01-b8c6-691bd1d8ca17,https://static.inaturalist.org/photos/440941161/medium.jpeg
246942549,0e859012-d71e-45b2-a57d-f18fff3f5824,https://inaturalist-open-data.s3.amazonaws.com/photos/440943303/medium.jpg
246946917,bd362b43-a503-4ead-91dd-69be62ca9610,https://inaturalist-open-data.s3.amazonaws.com/photos/440951615/medium.jpg
246959299,ac78795f-a37d-4e74-aed7-32c4f60b5aab,https://inaturalist-open-data.s3.amazonaws.com/photos/440974104/medium.jpeg
246965990,415984c5-8c69-4287-b753-6b46f871a412,https://static.inaturalist.org/photos/440987808/medium.jpeg
246987495,56cbe114-afe9-42d2-96e2-4360ca4300fd,https://inaturalist-open-data.s3.amazonaws.com/photos/441030213/medium.jpeg
247011892,773cbd1a-3e22-4ff5-bb0e-224a1aaa5c00,https://static.inaturalist.org/photos/441079561/medium.jpeg
247014063,e933a821-7f74-4ac4-b308-1b28ca27bb75,https://inaturalist-open-data.s3.amazonaws.com/photos/441084242/medium.jpeg
247071955,4cafab86-be57-4e2d-98f9-58a602d99940,https://static.inaturalist.org/photos/441201050/medium.jpeg
247090793,cc12453d-f935-4e81-9842-c71e3080c4aa,https://static.inaturalist.org/photos/441237251/medium.jpeg
247096941,a6e6a464-eadd-4659-bad0-18a9ded53714,https://inaturalist-open-data.s3.amazonaws.com/photos/441249632/medium.jpeg
247098861,8d82c366-916b-4362-8d76-fc76154c1bc9,https://inaturalist-open-data.s3.amazonaws.com/photos/441253216/medium.jpeg
247100787,1b2a58b7-25cd-44e2-8455-77a7b93e9cb9,https://static.inaturalist.org/photos/441256870/medium.jpeg
247100845,71d75c02-bd4c-4cc5-b11e-0cc172f161b3,https://static.inaturalist.org/photos/441257025/medium.jpeg
247111282,54a0fae8-1e7b-45d0-907a-2db2f5ad7cd6,https://inaturalist-open-data.s3.amazonaws.com/photos/441277064/medium.jpeg
247118658,098eea1d-fbc9-4976-b71e-4ebeb2cfaacd,https://static.inaturalist.org/photos/441291408/medium.jpeg
247122736,d6dfc08e-4a1c-4838-998a-77fb9ba45c14,https://inaturalist-open-data.s3.amazonaws.com/photos/441299388/medium.jpeg
247129355,ac2afebe-ba58-49a8-b82d-134e4f757840,https://inaturalist-open-data.s3.amazonaws.com/photos/441312482/medium.jpeg
247133346,8e099174-d238-47d3-816b-63959e9c0f74,https://inaturalist-open-data.s3.amazonaws.com/photos/441320099/medium.jpeg
247137043,07fb08ca-6350-4c97-b63f-b1a2193eba79,https://static.inaturalist.org/photos/441327691/medium.jpeg
247138141,1d7392b8-c394-4ac8-9336-b816e047b58c,https://static.inaturalist.org/photos/441330405/medium.jpeg
247147510,1f8e4ae7-7908-4829-a090-062d4a29a92f,https://static.inaturalist.org/photos/441347779/medium.jpeg
247148435,0eabf922-00d3-4afb-838c-a41587abd545,https://inaturalist-open-data.s3.amazonaws.com/photos/441642313/medium.jpeg
247157162,4a3c3c56-9862-4e2a-bd76-168befa08600,https://inaturalist-open-data.s3.amazonaws.com/photos/441364284/medium.jpg
247157181,b421be70-9b8f-45b7-a66d-e468298fac66,https://inaturalist-open-data.s3.amazonaws.com/photos/441365630/medium.jpg
247165745,52c7bb5b-ba31-4fc2-bc12-fe2c44831d28,https://static.inaturalist.org/photos/441382401/medium.jpeg
247167561,0c211b84-782f-4314-bfa8-df549e819809,https://static.inaturalist.org/photos/441386000/medium.jpeg
247175374,dcbfa9e9-041e-4a77-8dd6-966f4adc975c,https://static.inaturalist.org/photos/441401982/medium.jpeg
247177631,b127a3a8-f0ff-4fa9-a0c6-1df1e8ce8d63,https://inaturalist-open-data.s3.amazonaws.com/photos/441406602/medium.jpeg
247203088,2c590a3e-4044-4dbf-9c79-7f414bfa6dee,https://static.inaturalist.org/photos/441456837/medium.jpeg
247248400,e217a2de-6f6e-4b81-adcd-d3a6db42d546,https://static.inaturalist.org/photos/441551744/medium.jpeg
247274700,c99aa8fc-06a8-46bc-b556-4c01a668e712,https://inaturalist-open-data.s3.amazonaws.com/photos/441606642/medium.jpeg
247277969,826c64f2-d00a-4711-b4c4-77358e7218c1,https://static.inaturalist.org/photos/441613514/medium.jpeg
247283630,7c6bf527-04c1-4dde-ace2-706bd7d75e1a,https://static.inaturalist.org/photos/441624716/medium.jpeg
247288194,b4f6c801-b5e6-4640-b5a1-6a468a3deea2,https://static.inaturalist.org/photos/441634105/medium.jpeg
247290424,8d76fac5-8a7c-44d6-a3c4-b5b791218ea9,https://inaturalist-open-data.s3.amazonaws.com/photos/441638538/medium.jpeg
247296117,611f8763-8e49-4a0d-8547-1edd4565fb83,https://inaturalist-open-data.s3.amazonaws.com/photos/441648599/medium.jpeg
247311304,8b02283c-aa93-4fc6-bf68-c884034b5631,https://inaturalist-open-data.s3.amazonaws.com/photos/441677332/medium.jpeg
247327143,bf60a2cb-e18b-4e3b-b459-24186b5b77b9,https://static.inaturalist.org/photos/441708775/medium.jpeg
247334760,19c50c65-ae4f-44ba-aed0-394ebc02cdfb,https://static.inaturalist.org/photos/441722899/medium.jpeg
247343082,fd51dd5b-359b-4626-b80f-4df453c78f0e,https://inaturalist-open-data.s3.amazonaws.com/photos/441731428/medium.jpg
247362362,457fae9f-2d45-4cb3-8ab7-e665067401bc,https://inaturalist-open-data.s3.amazonaws.com/photos/441778559/medium.jpeg
247365529,91ecc248-7429-4c79-b2dd-a419f0647666,https://static.inaturalist.org/photos/441784429/medium.jpeg
247455488,056f606f-a5d2-4b30-9d42-6c5c0f646bd5,https://static.inaturalist.org/photos/441965883/medium.jpeg
247460005,9e6fd9a1-5706-46d5-87ae-694e1944c478,https://inaturalist-open-data.s3.amazonaws.com/photos/441975672/medium.jpeg
247462135,9872441a-1d7e-49c9-a204-50b7b0e1bb5f,https://inaturalist-open-data.s3.amazonaws.com/photos/441977951/medium.jpeg
247470027,ce40c4b1-bb3a-4f4c-91b0-154561e283de,https://inaturalist-open-data.s3.amazonaws.com/photos/441993607/medium.jpeg
247474010,5a8ec99e-ce16-436a-b40b-dd2e209cd214,https://static.inaturalist.org/photos/442000409/medium.jpeg
247488605,b6aec65d-eb35-4448-a550-93764934342f,https://static.inaturalist.org/photos/442027510/medium.jpeg
247534858,1e5c7e79-3dd0-46f2-8ca7-4b90ff98908b,https://inaturalist-open-data.s3.amazonaws.com/photos/442118505/medium.jpeg
247598240,14a5b767-5f59-4152-b02b-f5e6016bd082,https://inaturalist-open-data.s3.amazonaws.com/photos/442249876/medium.jpeg
247602276,9f7341e8-1894-4872-a91a-8a6e5d589ac2,https://inaturalist-open-data.s3.amazonaws.com/photos/442257816/medium.jpeg
247612556,ea066948-8f4f-4c93-87d9-811ee4e64529,https://inaturalist-open-data.s3.amazonaws.com/photos/442277853/medium.jpeg
247618399,aa4a3176-4d2c-4fe1-9a79-ad193ea9e177,https://inaturalist-open-data.s3.amazonaws.com/photos/444514363/medium.jpeg
247640448,34495707-b31d-4885-9b7c-df893ba9115b,https://inaturalist-open-data.s3.amazonaws.com/photos/442324821/medium.jpg
247644782,62357462-ec40-449c-8f38-7758ad52e695,https://static.inaturalist.org/photos/442338470/medium.jpeg
247645792,ddbfda04-50c4-472e-9af7-ec05066c8c24,https://inaturalist-open-data.s3.amazonaws.com/photos/442340524/medium.jpeg
247656396,926f37ca-e300-4589-9432-f6816f554c71,https://inaturalist-open-data.s3.amazonaws.com/photos/442360986/medium.jpeg
247671142,190ebab8-b8ca-4d0a-97f0-9791d67be291,https://inaturalist-open-data.s3.amazonaws.com/photos/442390703/medium.jpeg
247723300,f68a6b1a-aec3-4f6d-bb65-335a2ad0bd11,https://inaturalist-open-data.s3.amazonaws.com/photos/442499782/medium.jpeg
247733441,1c67e85e-f507-4f2a-961b-067756c3ad51,https://inaturalist-open-data.s3.amazonaws.com/photos/442521435/medium.jpeg
247750661,168bd222-5051-4e74-9df5-52575d81974b,https://inaturalist-open-data.s3.amazonaws.com/photos/442555934/medium.jpeg
247781794,7d00facd-625e-43fc-86df-1f3472e32083,https://static.inaturalist.org/photos/442611079/medium.jpeg
247784321,e73a5433-a823-4bda-94fd-f72aceb933fd,https://static.inaturalist.org/photos/442615709/medium.jpeg
247798962,03ae9a80-2a99-4ed6-8d05-387c1ac956c8,https://inaturalist-open-data.s3.amazonaws.com/photos/442644584/medium.jpeg
247811989,20135fe6-488a-4cde-ae5b-dc89d0e2f79c,https://inaturalist-open-data.s3.amazonaws.com/photos/442583991/medium.jpeg
247887660,c3eab04b-2818-4589-adbc-05573ede6011,https://inaturalist-open-data.s3.amazonaws.com/photos/442821008/medium.jpeg
247892771,c827ec65-ad95-424b-837d-f6e0b5eaadff,https://static.inaturalist.org/photos/442831026/medium.jpeg
247899823,c979deee-ba99-406c-8a3c-2437a099c7d0,https://inaturalist-open-data.s3.amazonaws.com/photos/443130819/medium.jpeg
247901976,066bf20c-12a1-4c59-9a4b-fb2791dc0a61,https://inaturalist-open-data.s3.amazonaws.com/photos/442849355/medium.jpeg
247904019,6d16268f-a66f-4ca5-bef4-fd232db61af3,https://inaturalist-open-data.s3.amazonaws.com/photos/442852750/medium.jpeg
247917124,7df46cb9-2f0c-4e67-ba08-7645e4c292d6,https://inaturalist-open-data.s3.amazonaws.com/photos/442878093/medium.jpeg
247946695,0b17d87d-19b5-42cb-8b64-9c35d8279e9c,https://inaturalist-open-data.s3.amazonaws.com/photos/442934486/medium.jpeg
248040394,3adee4ef-0447-4638-82f1-b153baddccc8,https://inaturalist-open-data.s3.amazonaws.com/photos/443118334/medium.jpeg
248055755,17b55fa5-80ea-4a93-af34-103d434f171a,https://inaturalist-open-data.s3.amazonaws.com/photos/443145924/medium.jpeg
248056836,1f66c214-98ed-46d2-a3f3-1c78e124e737,https://inaturalist-open-data.s3.amazonaws.com/photos/443148061/medium.jpeg
248062022,71b7815b-b58a-43ac-9a38-200f79d05d03,https://inaturalist-open-data.s3.amazonaws.com/photos/443157691/medium.jpeg
248068057,f5245334-33f4-4f94-9de8-0245085ab86a,https://inaturalist-open-data.s3.amazonaws.com/photos/443168928/medium.jpeg
248070572,f9972eae-0d57-43c8-85aa-23354e30aa02,https://inaturalist-open-data.s3.amazonaws.com/photos/443173925/medium.jpeg
248074943,7814855d-f541-4381-bde8-fad21ebb887e,https://inaturalist-open-data.s3.amazonaws.com/photos/443182649/medium.jpeg
248079940,81b6e2f2-4cd7-4ebd-88d0-88322a967d80,https://inaturalist-open-data.s3.amazonaws.com/photos/443192141/medium.jpg
248091465,d04affd3-37fd-4654-b39f-e7fb3673e906,https://inaturalist-open-data.s3.amazonaws.com/photos/443203772/medium.jpg
248092684,17e18399-685b-4974-af3a-1d01bd15f1de,https://inaturalist-open-data.s3.amazonaws.com/photos/443215048/medium.jpeg
248106730,f3a5abcd-14af-4902-8847-3132a429f15e,https://static.inaturalist.org/photos/443243028/medium.jpeg
248114082,beeafc01-2eda-45dd-9f14-150b9a61df5e,https://inaturalist-open-data.s3.amazonaws.com/photos/443254452/medium.jpeg
248128299,5b37bbec-548c-455d-8773-e7bf24f852f2,https://static.inaturalist.org/photos/443286337/medium.jpeg
248130156,8eced3d4-5dfb-4320-a374-c63c02826a1b,https://inaturalist-open-data.s3.amazonaws.com/photos/443289990/medium.jpeg
248135335,5aa4afae-f13f-4cf6-b9ab-36d5f515944f,https://inaturalist-open-data.s3.amazonaws.com/photos/443300040/medium.jpeg
248157673,29df67fe-61f9-47a6-b1c9-3b5437cacfef,https://inaturalist-open-data.s3.amazonaws.com/photos/443344996/medium.jpeg
248158964,04c20c97-b1bb-4d9e-902d-2b39e832f36c,https://static.inaturalist.org/photos/443347407/medium.jpeg
248218731,cc7eb48c-c22f-43ab-9058-7f7f9975ec48,https://static.inaturalist.org/photos/443468508/medium.jpeg
248222460,d7fa6754-03e4-4831-9b5a-12a021152904,https://inaturalist-open-data.s3.amazonaws.com/photos/443475829/medium.jpeg
248223084,384b120e-1436-4e34-8b2c-c62b1d25a222,https://inaturalist-open-data.s3.amazonaws.com/photos/443476621/medium.jpeg
248224099,0cbbb717-7fa6-40c8-8281-e3a4809d1226,https://static.inaturalist.org/photos/443479305/medium.jpeg
248226863,0ef04317-eeaf-4a27-895f-3a1409e9caf3,https://inaturalist-open-data.s3.amazonaws.com/photos/443485392/medium.jpeg
248228151,a4128677-89ea-4854-9710-fe61d3f49759,https://inaturalist-open-data.s3.amazonaws.com/photos/443493860/medium.jpeg
248247543,1271a871-8733-4d87-b03c-bc77f47bedc7,https://inaturalist-open-data.s3.amazonaws.com/photos/443526172/medium.jpeg
248264209,7ae63b3a-4ead-4d44-8a2e-984ab75807c5,https://static.inaturalist.org/photos/443566566/medium.jpeg
248267045,e8379e54-27e7-4d28-a524-a6d2856e6db6,https://static.inaturalist.org/photos/443564742/medium.jpeg
248271856,ce21fd42-042d-4bc6-9657-b1d8a407db89,https://static.inaturalist.org/photos/443573436/medium.jpeg
248298422,bd121a0c-3509-47ce-b046-526c67cc1305,https://inaturalist-open-data.s3.amazonaws.com/photos/443624646/medium.jpeg
248333860,863f0874-3b5e-4b28-b086-3b6aed26c373,https://inaturalist-open-data.s3.amazonaws.com/photos/443692375/medium.jpeg
248351634,823fd804-e46e-4d80-ac04-8247eca8ce24,https://inaturalist-open-data.s3.amazonaws.com/photos/443726511/medium.jpg
248404501,a1d38f58-ddd5-443b-b8f4-a49a4022cf69,https://static.inaturalist.org/photos/443837128/medium.jpeg
248404708,eb97af78-be82-493c-bbc6-9f264314ef86,https://static.inaturalist.org/photos/443837464/medium.jpeg
248407041,de629da6-c3b3-4e1b-8f06-9cb247c5e473,https://inaturalist-open-data.s3.amazonaws.com/photos/443842567/medium.jpeg
248420249,e504550b-be5c-4eab-816e-7d4d5459e0d1,https://inaturalist-open-data.s3.amazonaws.com/photos/443870257/medium.jpeg
248429498,82831fc5-d8df-4f8f-9d24-8e8cbe9b2fd1,https://inaturalist-open-data.s3.amazonaws.com/photos/443889520/medium.jpeg
248459873,5a39c49f-e869-48a3-95fb-98b8c0c1813b,https://inaturalist-open-data.s3.amazonaws.com/photos/443951205/medium.jpeg
248461141,27c23202-ab24-4e37-80ed-3a723deea1a4,https://inaturalist-open-data.s3.amazonaws.com/photos/443953380/medium.jpeg
248467237,2c08f86d-6302-4124-a8bd-bc4c4b593bf5,https://inaturalist-open-data.s3.amazonaws.com/photos/443964529/medium.jpeg
248574766,e14d4a4d-2bbc-4454-bf4b-9bf24dd3f005,https://inaturalist-open-data.s3.amazonaws.com/photos/444181677/medium.jpeg
248633440,c76ed6ec-0570-4765-9254-aa29a34a2e5f,https://static.inaturalist.org/photos/444294853/medium.jpeg
248722713,acd29d80-6095-4f08-8cfb-279660e3192a,https://static.inaturalist.org/photos/444480232/medium.jpeg
248737562,fbac4926-014e-4054-bd13-55b4bc7e6d40,https://inaturalist-open-data.s3.amazonaws.com/photos/444510909/medium.jpeg
248737836,edc0484d-1c15-4d25-b2ad-db3d6a6f9ade,https://inaturalist-open-data.s3.amazonaws.com/photos/444511429/medium.jpeg
248737923,0165f5b7-5594-451a-8396-89f3c901deee,https://inaturalist-open-data.s3.amazonaws.com/photos/444511656/medium.jpeg
248755664,6218cc84-3604-4d7b-a587-3f4cff532d1c,https://static.inaturalist.org/photos/444545403/medium.jpeg
248755725,d3d0f864-ee36-404c-b408-a8e068405e44,https://static.inaturalist.org/photos/444545530/medium.jpeg
248761151,1bbdc581-ac0c-4c15-a363-a9f6d2827cc9,https://inaturalist-open-data.s3.amazonaws.com/photos/444555563/medium.jpeg
248776903,ae6749aa-9ce0-4856-a9c1-cf76853d0289,https://inaturalist-open-data.s3.amazonaws.com/photos/444586625/medium.jpg
248797378,467d37d0-ce1e-48a4-b78d-864e89ac1211,https://static.inaturalist.org/photos/444626484/medium.jpeg
248842843,57553655-3486-4c15-8855-da6b856d08e7,https://inaturalist-open-data.s3.amazonaws.com/photos/444717516/medium.jpg
248852067,666a7909-993d-4947-844f-7ab74d89060e,https://inaturalist-open-data.s3.amazonaws.com/photos/444736149/medium.jpeg
248860753,c4f3b903-02bf-4bc0-a2f5-0219ca932225,https://inaturalist-open-data.s3.amazonaws.com/photos/444754429/medium.jpeg
248869228,ed03fd7d-8223-47ca-ac39-b9f46490a579,https://inaturalist-open-data.s3.amazonaws.com/photos/444770292/medium.jpeg
248881526,26d4b52e-ab8d-4caf-9039-d785fa110056,https://inaturalist-open-data.s3.amazonaws.com/photos/444793041/medium.jpeg
248888158,5be77112-41aa-45cf-b153-1527c064c461,https://inaturalist-open-data.s3.amazonaws.com/photos/444804913/medium.jpeg
248904023,0bccedea-5ba0-4b4e-a718-10a6ca9164c4,https://inaturalist-open-data.s3.amazonaws.com/photos/444835054/medium.jpg
248904521,bf542761-9c32-4187-9908-daae48d816d0,https://inaturalist-open-data.s3.amazonaws.com/photos/444836148/medium.jpeg
248908369,8d229385-44cf-4912-a5f2-7536fc34bcf6,https://inaturalist-open-data.s3.amazonaws.com/photos/444843444/medium.jpeg
248913552,5164a18e-eafd-4c92-8065-5a2570d72d40,https://inaturalist-open-data.s3.amazonaws.com/photos/444852832/medium.jpeg
248940648,47406882-67f4-4d2e-8fea-b51e5ea00358,https://inaturalist-open-data.s3.amazonaws.com/photos/444907828/medium.jpeg
248993332,140815f1-cbd5-405e-a1df-244114141320,https://static.inaturalist.org/photos/445013426/medium.jpeg
248998405,f874e3cf-0a84-4497-ac86-5b15f773415c,https://inaturalist-open-data.s3.amazonaws.com/photos/445023770/medium.jpeg
248999664,c2c6e26b-5b55-436b-9254-8769bc28d261,https://inaturalist-open-data.s3.amazonaws.com/photos/445026264/medium.jpeg
249001302,6530b2c3-d1ee-4599-9f63-3d833ce1190c,https://static.inaturalist.org/photos/445029356/medium.jpeg
249007026,a14c18b2-d6ae-4a76-8478-592cae69cb03,https://static.inaturalist.org/photos/445041082/medium.jpeg
249010137,f95d62e6-2c81-4930-acae-232e31672c07,https://static.inaturalist.org/photos/445047003/medium.jpeg
249010486,aae3fc3a-b1a7-45b8-b607-60fc09b51723,https://static.inaturalist.org/photos/445047634/medium.jpeg
249016153,31d9ac4a-8583-4b05-b0da-1c0b6f35f794,https://static.inaturalist.org/photos/445058664/medium.jpeg
249027025,e2c656b2-dfa1-4a62-9d27-1b903e77731b,https://inaturalist-open-data.s3.amazonaws.com/photos/445078093/medium.jpeg
249046663,4479f8f0-6536-4e6a-9a9e-e6df34d03f6a,https://inaturalist-open-data.s3.amazonaws.com/photos/445115215/medium.jpeg
249077781,05b4a9f8-a740-4b99-8be6-2544a1510f56,https://static.inaturalist.org/photos/445179401/medium.jpeg
249089416,746528a1-6569-463c-ad91-e25f94588741,https://inaturalist-open-data.s3.amazonaws.com/photos/445200949/medium.jpg
249138879,5b92fb17-4a6f-43ec-a01d-a6a2c59e1118,https://inaturalist-open-data.s3.amazonaws.com/photos/445301580/medium.jpeg
249149062,6b3f21c0-1ba3-41f8-bdea-e4dd81a0f756,https://inaturalist-open-data.s3.amazonaws.com/photos/445321031/medium.jpeg
249158827,b3366da3-3202-4c0c-b8bc-7c2e075c3b87,https://inaturalist-open-data.s3.amazonaws.com/photos/445797567/medium.jpeg
249163630,1316e504-530a-4006-884a-9cc4a82fb182,https://inaturalist-open-data.s3.amazonaws.com/photos/445349442/medium.jpeg
249181036,0a7dd4ad-fc68-414e-b1c3-e66fcdd6c3c6,https://static.inaturalist.org/photos/445381202/medium.jpeg
249196362,c389d189-f08e-4113-b5b0-b8fdb929992b,https://inaturalist-open-data.s3.amazonaws.com/photos/445410519/medium.jpeg
249200975,5a7c30e8-098d-45c8-bad4-52d2ea287a1d,https://inaturalist-open-data.s3.amazonaws.com/photos/445418960/medium.jpeg
249213076,e74beb84-0b0a-4fbd-90f3-96b0472e9a0e,https://inaturalist-open-data.s3.amazonaws.com/photos/445442911/medium.jpeg
249224220,b5d4bf2b-6c61-4126-b5a2-a57041c3f5bf,https://inaturalist-open-data.s3.amazonaws.com/photos/445462690/medium.jpeg
249292232,03cbdb16-c146-4e63-acf2-e5642c3201c9,https://static.inaturalist.org/photos/445606809/medium.jpeg
249294308,29378096-749b-41cb-99d9-ba73ff1cee8c,https://inaturalist-open-data.s3.amazonaws.com/photos/445610580/medium.jpeg
249294547,46e1beaf-a736-4c1f-afbb-b03d7ec780a0,https://static.inaturalist.org/photos/445611186/medium.jpeg
249297945,ba61d310-9907-4f4b-874e-be2c5cf44702,https://inaturalist-open-data.s3.amazonaws.com/photos/445618527/medium.jpeg
249313991,10465286-de48-446b-b3bf-4866577b50d7,https://inaturalist-open-data.s3.amazonaws.com/photos/445650447/medium.jpeg
249316754,c93a0b8b-ed76-4c75-ba37-2bc904c7ce5e,https://inaturalist-open-data.s3.amazonaws.com/photos/445655304/medium.jpeg
249316760,94c987d4-fd27-485c-b547-90e3bc40c781,https://inaturalist-open-data.s3.amazonaws.com/photos/445655244/medium.jpeg
249329999,7b5e1d0c-678d-4029-90ef-3ea2029c2d2e,https://inaturalist-open-data.s3.amazonaws.com/photos/445679262/medium.jpeg
249333804,d399278f-4e3d-4278-bf7b-29a4d0271a46,https://inaturalist-open-data.s3.amazonaws.com/photos/445685979/medium.jpeg
249341131,ec4cbf33-f7d0-4e35-89c1-9f80d8987063,https://inaturalist-open-data.s3.amazonaws.com/photos/445698831/medium.jpeg
249375391,972cef5c-e9ac-4a3e-8949-cdbcec322557,https://inaturalist-open-data.s3.amazonaws.com/photos/445767759/medium.jpeg
249474298,84f75298-c5a0-4792-a936-a98d88c1730c,https://inaturalist-open-data.s3.amazonaws.com/photos/445989609/medium.jpeg
249478955,c187e0a5-78b4-4330-84b7-a6dbe3f20fac,https://inaturalist-open-data.s3.amazonaws.com/photos/445976247/medium.jpeg
249481776,55ad6df6-1dc0-443a-9a2c-62b3dd665dbf,https://static.inaturalist.org/photos/445981892/medium.jpeg
249484513,ac9c4241-04fe-4201-a78b-bf0bd966a17d,https://inaturalist-open-data.s3.amazonaws.com/photos/445986798/medium.jpeg
249525605,c4c3a17b-63cc-449e-b992-102ddaab0b60,https://inaturalist-open-data.s3.amazonaws.com/photos/446066008/medium.jpeg
249529089,c1de6ed4-66ae-4c25-9e3b-049ccbd9bbd7,https://inaturalist-open-data.s3.amazonaws.com/photos/446072945/medium.jpg
249533792,8b78e558-e779-4681-ad7e-4de855078ae1,https://static.inaturalist.org/photos/446081798/medium.jpeg
249533826,8b9c0f18-0bbd-4933-ba2d-ab455a2cc664,https://static.inaturalist.org/photos/446081874/medium.jpeg
249560568,75dc704c-3cb5-4834-97b4-cc756dae3e65,https://inaturalist-open-data.s3.amazonaws.com/photos/446135181/medium.jpeg
249600925,7cbd2579-7925-4674-ae9e-505a09f6c33c,https://inaturalist-open-data.s3.amazonaws.com/photos/446218687/medium.jpeg
249610247,07d998e8-b9b1-4a8b-8704-a5f838a6ebd8,https://inaturalist-open-data.s3.amazonaws.com/photos/446237417/medium.jpeg
249614967,baba7b32-302e-4289-9204-03d4dac86fc5,https://inaturalist-open-data.s3.amazonaws.com/photos/446245550/medium.jpeg
249626093,4c6e211c-45ef-4d3f-8d20-d4ee543c34b6,https://static.inaturalist.org/photos/446508653/medium.jpeg
249668967,2baffd67-9a22-4484-a019-f9ac5cdc7525,https://inaturalist-open-data.s3.amazonaws.com/photos/446350469/medium.jpeg
249736946,87d43dca-f925-41fa-a7b7-f5a1ce01ee87,https://inaturalist-open-data.s3.amazonaws.com/photos/446492261/medium.jpeg
249755339,1da11813-eae3-45a8-a677-34a969f5f4f4,https://inaturalist-open-data.s3.amazonaws.com/photos/446528138/medium.jpeg
249755478,e14b68f7-e719-433c-9ffd-54be8d2877e3,https://inaturalist-open-data.s3.amazonaws.com/photos/446528463/medium.jpeg
249755505,280964e5-7e3e-4b24-8758-f7e0a9686aa7,https://inaturalist-open-data.s3.amazonaws.com/photos/446528523/medium.jpeg
249755645,c2bc1df9-2e3c-40cc-bf13-9cbee73e3616,https://inaturalist-open-data.s3.amazonaws.com/photos/446528701/medium.jpeg
249775536,836340fd-af0d-4066-8d7e-55aa4406b1b1,https://inaturalist-open-data.s3.amazonaws.com/photos/446563896/medium.jpg
249791062,62464c9f-3ca3-4ca0-90a8-63e184036fdb,https://inaturalist-open-data.s3.amazonaws.com/photos/446597542/medium.jpeg
249862785,df27c290-96a2-46b4-a364-635f62b59006,https://inaturalist-open-data.s3.amazonaws.com/photos/446742663/medium.jpeg
249866708,bfc53bfb-884d-4e24-a21d-56e6509a1532,https://inaturalist-open-data.s3.amazonaws.com/photos/446750855/medium.jpeg
249874428,d19e786c-5517-47bf-8ccc-6648888ff827,https://inaturalist-open-data.s3.amazonaws.com/photos/446765968/medium.jpeg
249877733,421f67ae-9d81-4ea7-b6d5-38ba92947080,https://inaturalist-open-data.s3.amazonaws.com/photos/446771227/medium.jpeg
249902306,ff709c55-3d0c-4b25-b007-270a43881e53,https://inaturalist-open-data.s3.amazonaws.com/photos/446817038/medium.jpeg
249975715,6c5dab16-8eb8-45f9-bd60-50f34bb2de89,https://inaturalist-open-data.s3.amazonaws.com/photos/446967118/medium.jpeg
249978797,d0400f8d-750a-484c-9b29-58e0b5174acc,https://static.inaturalist.org/photos/446973558/medium.jpeg
249979467,26abd79b-30be-49c5-a8da-0792634b3842,https://inaturalist-open-data.s3.amazonaws.com/photos/446975055/medium.jpeg
249985528,aba2234e-396c-4724-ad50-8edaa97460f4,https://inaturalist-open-data.s3.amazonaws.com/photos/446987274/medium.jpeg
249989058,bae519f1-558a-4a3e-a7ad-6d22a5c57ec6,https://static.inaturalist.org/photos/446993762/medium.jpeg
249990920,46a2efe5-cc99-48bc-8b2a-aa409b6fb4d9,https://static.inaturalist.org/photos/446997112/medium.jpeg
249997056,01a3faab-4ae5-4cc9-8e56-5e814a2f9aae,https://inaturalist-open-data.s3.amazonaws.com/photos/447008280/medium.jpeg
249998745,77828da1-8b27-4c71-9378-04c6b3e96c30,https://inaturalist-open-data.s3.amazonaws.com/photos/447011304/medium.jpeg
249998924,dac703a0-66ec-4289-8dae-f4bb505454b5,https://inaturalist-open-data.s3.amazonaws.com/photos/447011625/medium.jpg
250002290,a8e3cf81-f9a2-421a-8fb8-18bca077133f,https://inaturalist-open-data.s3.amazonaws.com/photos/447018068/medium.jpeg
250003022,71159b01-4457-4968-b1f9-f97c28ee0e84,https://inaturalist-open-data.s3.amazonaws.com/photos/447019464/medium.jpeg
250005417,5f707a05-816d-441c-90cd-2585e249f8bf,https://inaturalist-open-data.s3.amazonaws.com/photos/447021336/medium.jpg
250020042,cf419b71-d04e-4335-a96a-cd2e339e7fd4,https://static.inaturalist.org/photos/447052201/medium.jpeg
250031884,f2a845f2-b84e-4f88-b21b-03e2f906aef3,https://inaturalist-open-data.s3.amazonaws.com/photos/447075733/medium.jpeg
250059262,fa8bc01b-18a2-4e0f-b042-af56fda61636,https://inaturalist-open-data.s3.amazonaws.com/photos/447130503/medium.jpeg
250111715,afcf63d8-3a90-4538-a0b9-4a2953a7e4a4,https://static.inaturalist.org/photos/447238385/medium.jpeg
250111887,43977b26-fd96-475b-9b52-ea630d05f025,https://inaturalist-open-data.s3.amazonaws.com/photos/447239221/medium.jpeg
250112792,8753e34e-9af8-4b76-901f-62de59f19b56,https://static.inaturalist.org/photos/447240859/medium.jpeg
250113775,33e404ac-eea8-4501-bb45-e1cfc1fb7a23,https://inaturalist-open-data.s3.amazonaws.com/photos/447242320/medium.jpeg
250127506,a889178d-591b-4264-8ae6-530be3a7e6ef,https://inaturalist-open-data.s3.amazonaws.com/photos/447270858/medium.jpeg
250130185,916e7de9-a48f-47fe-afd1-d032f6696ad1,https://inaturalist-open-data.s3.amazonaws.com/photos/447277443/medium.jpeg
250135006,a45793c7-30c7-41ac-9fe2-4708c75be048,https://inaturalist-open-data.s3.amazonaws.com/photos/447285614/medium.jpeg
250136376,b68b92fa-e766-4ffa-9b90-906c72ae41f7,https://inaturalist-open-data.s3.amazonaws.com/photos/447288421/medium.jpeg
250138031,4ae6dafd-d15f-430f-b087-cf5c2680578d,https://inaturalist-open-data.s3.amazonaws.com/photos/447292035/medium.jpeg
250140894,d61750c8-ab54-4297-975c-e1e390b2637b,https://static.inaturalist.org/photos/447298706/medium.jpeg
250141085,7e21c945-d212-423b-a754-c7a5f9353a03,https://static.inaturalist.org/photos/447298912/medium.jpeg
250142316,5d1951af-6a5b-4921-927c-baaa4687ab0e,https://inaturalist-open-data.s3.amazonaws.com/photos/447301293/medium.jpeg
250148741,3cd0cd02-8611-47e0-8a8d-0b5a96810431,https://inaturalist-open-data.s3.amazonaws.com/photos/447304492/medium.jpeg
250157427,1a516b45-1350-4870-9242-5b73cafc2411,https://inaturalist-open-data.s3.amazonaws.com/photos/447330490/medium.jpeg
250176054,2ebfcca7-b435-4f44-b3c6-eaeb7234d08c,https://inaturalist-open-data.s3.amazonaws.com/photos/447368216/medium.jpeg
250176086,19d0857c-8c90-42dc-a7d9-d2d9491e5ae0,https://inaturalist-open-data.s3.amazonaws.com/photos/447368319/medium.jpeg
250176357,5399cf2e-cb59-4f12-a8c6-64ab8390fe9e,https://inaturalist-open-data.s3.amazonaws.com/photos/447368658/medium.jpeg
250185474,7b22e153-8b79-4104-80ba-d0a60790b74c,https://inaturalist-open-data.s3.amazonaws.com/photos/447385434/medium.jpeg
250228265,c9c5cbd6-f68b-41c1-b7ec-b99d8d686c8e,https://inaturalist-open-data.s3.amazonaws.com/photos/447473332/medium.jpeg
250237043,b35c7a67-783c-4ae7-b7e5-23f52622a29a,https://static.inaturalist.org/photos/447492179/medium.jpeg
250263386,88534fa5-f516-4abd-b08b-9e5ef246c46d,https://inaturalist-open-data.s3.amazonaws.com/photos/447549029/medium.jpeg
250267960,dc5667e7-74c4-478c-82c2-001aeaa70e68,https://static.inaturalist.org/photos/447558669/medium.jpeg
250278452,c38745ad-8229-492b-a179-19a7ec2fd3dc,https://inaturalist-open-data.s3.amazonaws.com/photos/447578975/medium.jpeg
250281289,6e3d73b0-df86-4b9d-b43e-8c57aebfda64,https://inaturalist-open-data.s3.amazonaws.com/photos/447584245/medium.jpeg
250281931,7061b7e6-2459-436f-a987-cba40a3e7a83,https://inaturalist-open-data.s3.amazonaws.com/photos/447586146/medium.jpeg
250285238,a2e550f2-7c8e-4fef-af69-73d0c7003e76,https://inaturalist-open-data.s3.amazonaws.com/photos/447593504/medium.jpeg
250292198,d21ffdd6-d41c-4a82-9fdc-4350da72ba3f,https://inaturalist-open-data.s3.amazonaws.com/photos/447606661/medium.jpeg
250292682,b7d1cf6c-e583-4d63-b6bc-64d3a1515b14,https://static.inaturalist.org/photos/447607546/medium.jpeg
250301767,6e0b64e7-6728-4916-b515-1dfd42aa9b31,https://inaturalist-open-data.s3.amazonaws.com/photos/447624502/medium.jpeg
250302063,55178df4-ef3c-4473-a66f-199ff6aef1c7,https://inaturalist-open-data.s3.amazonaws.com/photos/447625264/medium.jpeg
250302198,2feff077-76fb-440a-94c4-7ae4353e3a8c,https://inaturalist-open-data.s3.amazonaws.com/photos/447625435/medium.jpeg
250331398,acd4a106-8d4b-4929-b679-822cabaedb2f,https://inaturalist-open-data.s3.amazonaws.com/photos/447683267/medium.jpeg
250336238,f14b4465-bdc9-4596-808c-51b00e7cff33,https://static.inaturalist.org/photos/447692674/medium.jpeg
250342507,8b2af408-2108-46e8-9fa1-2c48910ac1fa,https://inaturalist-open-data.s3.amazonaws.com/photos/447704729/medium.jpeg
250342883,57cf9392-9130-42e4-b709-dc85d76af3fa,https://static.inaturalist.org/photos/447705607/medium.jpeg
250347435,f912d628-add7-4e89-8603-f6464b50582d,https://static.inaturalist.org/photos/447715929/medium.jpeg
250362322,76dd7b00-27f2-4f56-90d1-160d92af44db,https://inaturalist-open-data.s3.amazonaws.com/photos/447744848/medium.jpeg
250362417,859b5f2d-c46d-4324-a7f1-9f4354359129,https://inaturalist-open-data.s3.amazonaws.com/photos/447745046/medium.jpeg
250373026,66091f45-7a11-4559-a622-c09874050955,https://inaturalist-open-data.s3.amazonaws.com/photos/447766114/medium.jpeg
250416214,77b2e6a2-ccaa-4aa3-b277-8b818c91d9e6,https://static.inaturalist.org/photos/447856839/medium.jpeg
250417117,7fbd89e7-2dd8-488c-b3c7-20f29d47b24e,https://inaturalist-open-data.s3.amazonaws.com/photos/447859108/medium.jpeg
250431084,ad000cd9-d005-433e-8c2a-3c2f0fe1afe0,https://static.inaturalist.org/photos/447887188/medium.jpeg
250436424,a7f9db7f-d6f0-4ecf-95a0-91b639fa77e9,https://inaturalist-open-data.s3.amazonaws.com/photos/447898076/medium.jpeg
250472122,02a8b919-4f71-4c76-a3a0-dd8b96b0fd48,https://static.inaturalist.org/photos/447968003/medium.jpeg
250505809,d6adcbaa-016a-421a-b1b3-53254f1d97e3,https://inaturalist-open-data.s3.amazonaws.com/photos/448035693/medium.jpeg
250536058,3229c58e-16f8-41aa-8b13-924fc7f54506,https://static.inaturalist.org/photos/448140325/medium.jpeg
250538441,6ef66f81-83a1-4af4-b3d9-4bb66c91292a,https://inaturalist-open-data.s3.amazonaws.com/photos/448103361/medium.jpeg
250545231,90813bb6-3273-496a-913e-d2b2fdd42c69,https://inaturalist-open-data.s3.amazonaws.com/photos/448740873/medium.jpeg
250573584,545bf18b-2635-47ae-9ce4-39787a19cc45,https://inaturalist-open-data.s3.amazonaws.com/photos/448171513/medium.jpeg
250576747,4bef7905-a14a-41e3-818a-463e2a3baf99,https://inaturalist-open-data.s3.amazonaws.com/photos/448177249/medium.jpeg
250576907,8189059a-a0e8-4f6a-9370-2d3c5dd7809d,https://static.inaturalist.org/photos/448177520/medium.jpeg
250617477,419bbe8a-9278-4cd8-8d57-ae2bd4ad8164,https://inaturalist-open-data.s3.amazonaws.com/photos/448255576/medium.jpg
250650284,a4f6e222-e868-41f5-a21a-031c2a9114d2,https://inaturalist-open-data.s3.amazonaws.com/photos/448326027/medium.jpeg
250679082,70eb20e0-96e2-46ca-b34b-2cc4e8e643c8,https://inaturalist-open-data.s3.amazonaws.com/photos/448386035/medium.jpeg
250681872,a751c246-82d6-4db1-bcc4-90797923b680,https://static.inaturalist.org/photos/448391123/medium.jpeg
250694895,4a1681b9-adda-4bb0-9058-26d9a10d033e,https://inaturalist-open-data.s3.amazonaws.com/photos/448416088/medium.jpeg
250697403,6a69afed-4ccd-489c-99f3-fc1d9a7d0118,https://inaturalist-open-data.s3.amazonaws.com/photos/448414114/medium.jpeg
250698173,1df6c636-2043-4280-9bc9-5aa3e62abbb1,https://static.inaturalist.org/photos/448422899/medium.jpeg
250717308,bb8a9cf7-3d32-4485-9fee-046a03c0c000,https://inaturalist-open-data.s3.amazonaws.com/photos/448461718/medium.jpeg
250724192,ee403127-3ab8-4c49-8d36-a7e089677d95,https://inaturalist-open-data.s3.amazonaws.com/photos/448475916/medium.jpg
250779545,1f6a6100-03e1-49a3-9b6e-c14bbe71c6f9,https://static.inaturalist.org/photos/448589939/medium.jpeg
250786136,76dad310-64be-48b3-a231-bf22542db991,https://inaturalist-open-data.s3.amazonaws.com/photos/448602745/medium.jpeg
250792992,a9cd6663-b750-467f-8e19-981517126e21,https://inaturalist-open-data.s3.amazonaws.com/photos/448616157/medium.jpeg
250809129,d4b74004-e4e4-4d26-b6b8-218e8e4c4123,https://static.inaturalist.org/photos/448645656/medium.jpeg
250813244,b91e5523-5bc2-4e2b-ac09-bac756025876,https://static.inaturalist.org/photos/448653501/medium.jpeg
250816065,393e6c26-bea3-4053-bea9-c426915a3f1b,https://inaturalist-open-data.s3.amazonaws.com/photos/448659759/medium.jpeg
250849763,925801ec-efae-497a-867e-e9b78a1b2194,https://static.inaturalist.org/photos/448724970/medium.jpeg
250930805,78977dab-1764-444f-8e92-dfcd901ec6c9,https://inaturalist-open-data.s3.amazonaws.com/photos/448884892/medium.jpeg
250938235,4a847043-6484-4d37-9552-d36d55cfd82c,https://static.inaturalist.org/photos/448899456/medium.jpeg
250941177,2f6fe088-70ff-4d61-9673-5d0501747006,https://inaturalist-open-data.s3.amazonaws.com/photos/448904089/medium.jpeg
250998989,67eb19b4-0725-4bf2-9c20-9f3897065718,https://inaturalist-open-data.s3.amazonaws.com/photos/449023026/medium.jpeg
251002121,0665e342-9a76-42fb-8089-85bb8cb50a9d,https://static.inaturalist.org/photos/449029140/medium.jpeg
251009904,431ff50d-aa96-4541-9728-15278e0d7de2,https://inaturalist-open-data.s3.amazonaws.com/photos/449044880/medium.jpeg
251016660,4eeb0aff-e2ed-4bc6-b372-e7fc3c785937,https://static.inaturalist.org/photos/449058319/medium.jpeg
251017951,1658d5ce-8710-4eba-ba62-4e12c7a087ea,https://inaturalist-open-data.s3.amazonaws.com/photos/449061054/medium.jpeg
251025290,ab42710d-83f6-4f6d-993c-c7243f537c47,https://inaturalist-open-data.s3.amazonaws.com/photos/449075672/medium.jpeg
251032931,b99e324e-c210-47ce-8517-78d6aba4d33f,https://static.inaturalist.org/photos/449090656/medium.jpeg
251047073,20bbbd7d-2975-46d9-a84d-00092171b9eb,https://static.inaturalist.org/photos/449117481/medium.jpeg
251047272,5d2aa319-4b00-491d-bb49-5f4ce8be52be,https://static.inaturalist.org/photos/449117879/medium.jpeg
251055745,a407f55c-5984-407f-bbd8-8ad72c33fd55,https://inaturalist-open-data.s3.amazonaws.com/photos/449133996/medium.jpeg
251055786,4886493a-07d4-456b-b38a-6e27723195f7,https://inaturalist-open-data.s3.amazonaws.com/photos/449134104/medium.jpeg
251074286,755673ca-209d-45c8-81d1-8a866e3f99af,https://static.inaturalist.org/photos/449170481/medium.jpeg
251076754,79b8e740-e081-409d-ac21-71ea4b56329c,https://inaturalist-open-data.s3.amazonaws.com/photos/449175107/medium.jpeg
251084687,03206f67-25d0-41d9-b41d-2eca8dfb0e8a,https://inaturalist-open-data.s3.amazonaws.com/photos/449190342/medium.jpeg
251090992,a652024a-3261-44a7-bb5d-9e1a22b41af8,https://inaturalist-open-data.s3.amazonaws.com/photos/449203284/medium.jpeg
251093217,794c8328-b65e-445e-bfd7-50d4f47ba77c,https://inaturalist-open-data.s3.amazonaws.com/photos/449208517/medium.jpeg
251138203,39f5bf8b-30ed-43a1-ab89-b04811626d0f,https://inaturalist-open-data.s3.amazonaws.com/photos/449303898/medium.jpeg
251138536,bcb20200-b5c3-4bfb-8b7a-97ba2521e405,https://static.inaturalist.org/photos/449304430/medium.jpeg
251144769,6935b538-2012-40ac-a451-a6742e1b973d,https://inaturalist-open-data.s3.amazonaws.com/photos/449317871/medium.jpeg
251145665,1edabc7b-a41f-4033-a5b4-dfbd699c6702,https://inaturalist-open-data.s3.amazonaws.com/photos/449319896/medium.jpeg
251147293,81cd0140-efbb-4d27-ad26-6359d472d39f,https://static.inaturalist.org/photos/449323552/medium.jpeg
251149061,0c6b9d17-85fd-44e5-b369-fdddb6183fa4,https://static.inaturalist.org/photos/449326734/medium.jpeg
251156075,93320f4b-c3ef-4c3c-9134-671927812cc9,https://inaturalist-open-data.s3.amazonaws.com/photos/449339133/medium.jpeg
251158637,c7b79c45-1392-498c-842e-a14f68ab70d5,https://inaturalist-open-data.s3.amazonaws.com/photos/449345160/medium.jpeg
251172253,ccdd3c22-39f8-4556-be29-7ec4fd8d6c74,https://inaturalist-open-data.s3.amazonaws.com/photos/458215147/medium.jpeg
251176500,46ee293e-8b43-419d-a174-b939885640b3,https://inaturalist-open-data.s3.amazonaws.com/photos/449379480/medium.jpeg
251179057,d1184e8a-6f9b-44a1-8e66-e5e9ca1f929c,https://static.inaturalist.org/photos/449383154/medium.jpeg
251184257,45597b83-376e-482d-bb27-833346247510,https://inaturalist-open-data.s3.amazonaws.com/photos/449392736/medium.jpeg
251194250,1ee47de0-0213-42f4-92df-efcc6eb01bc0,https://inaturalist-open-data.s3.amazonaws.com/photos/449412402/medium.jpeg
251221255,37441cc6-7117-4cc0-9c7f-b8e07f792024,https://inaturalist-open-data.s3.amazonaws.com/photos/449466927/medium.jpeg
251284506,cb4162c0-1fe1-4221-9148-468d805c8dbd,https://inaturalist-open-data.s3.amazonaws.com/photos/449596187/medium.jpg
251296899,50876bd9-4b4c-4ce5-a393-4f1d11f20320,https://inaturalist-open-data.s3.amazonaws.com/photos/449620799/medium.jpeg
251308495,4752e339-0e9f-4394-ba0f-019260b79549,https://static.inaturalist.org/photos/449643013/medium.jpeg
251322363,6603a850-84ba-4881-9c32-f3f8d2562e84,https://inaturalist-open-data.s3.amazonaws.com/photos/449668153/medium.jpeg
251332975,e74682ff-f126-4cbd-b42f-4304bfa77926,https://inaturalist-open-data.s3.amazonaws.com/photos/449688063/medium.jpeg
251359355,f67ae6f0-53f5-48b8-be2d-53a7ba5f5cea,https://inaturalist-open-data.s3.amazonaws.com/photos/449738523/medium.jpg
251372773,73af2c65-6175-4cb6-93f5-d7f64da441fb,https://inaturalist-open-data.s3.amazonaws.com/photos/449767881/medium.jpeg
251420654,e62d03a7-eb8a-4451-8418-1520a9466508,https://inaturalist-open-data.s3.amazonaws.com/photos/449866534/medium.jpeg
251439884,c6a901ed-0db0-413e-b202-ff057caa51c8,https://static.inaturalist.org/photos/449902216/medium.jpeg
251452144,aa60ff3b-e733-457e-92a4-dad0e76cc5cb,https://inaturalist-open-data.s3.amazonaws.com/photos/449925256/medium.jpeg
251466893,87064b21-2dac-4b67-8327-cc0fdc569043,https://inaturalist-open-data.s3.amazonaws.com/photos/449946653/medium.jpeg
251466900,f7cd037e-34f5-4ab2-aa1f-d9acedb4be7a,https://inaturalist-open-data.s3.amazonaws.com/photos/449946914/medium.jpeg
251512089,3d0fca72-f110-48fe-b7f8-c829ed9e754f,https://inaturalist-open-data.s3.amazonaws.com/photos/450044704/medium.jpeg
251555209,64a567fb-3679-43ec-ad26-7a4c32cb5d6d,https://inaturalist-open-data.s3.amazonaws.com/photos/450130110/medium.jpeg
251558806,9aa21c85-159c-4c5b-b941-760dfb713355,https://inaturalist-open-data.s3.amazonaws.com/photos/450137720/medium.jpeg
251561817,04c8b357-5eba-4270-a5f0-ec18d3fcf6b5,https://inaturalist-open-data.s3.amazonaws.com/photos/450143564/medium.jpeg
251658294,97b8d3ab-7a37-4972-b4d8-21f2e8661aa8,https://static.inaturalist.org/photos/450335168/medium.jpeg
251665684,daea6886-b7c2-4108-b912-a9e20a478caf,https://inaturalist-open-data.s3.amazonaws.com/photos/450349501/medium.jpeg
251710996,469c9425-8505-4b19-94cb-b7119bc362ba,https://inaturalist-open-data.s3.amazonaws.com/photos/450439457/medium.jpeg
251770057,25e5c339-dfed-48d9-a773-c64be1aa3406,https://static.inaturalist.org/photos/450558759/medium.jpeg
251777214,6f32058e-f77a-4e42-8530-15449d7040b4,https://static.inaturalist.org/photos/450574175/medium.jpeg
251779618,0f23351d-b828-4e90-8488-f57260e8e3eb,https://inaturalist-open-data.s3.amazonaws.com/photos/450578701/medium.jpeg
251819646,c68f30bf-5106-4ea3-ae31-d3f7f2e3ba5f,https://static.inaturalist.org/photos/450656113/medium.jpeg
251825972,252af307-80cc-45c8-89d7-0efbdb92391a,https://inaturalist-open-data.s3.amazonaws.com/photos/450668586/medium.jpeg
251883109,2d663e2e-66c7-47b7-b58b-cef010debe93,https://inaturalist-open-data.s3.amazonaws.com/photos/450786164/medium.jpeg
251900750,37af1130-3e78-4a9f-a818-90240d84c9f1,https://static.inaturalist.org/photos/450819666/medium.jpeg
251907711,d5246e40-7427-408b-a12c-d810ee7d43e1,https://inaturalist-open-data.s3.amazonaws.com/photos/450833504/medium.jpeg
251912736,34a1cdbe-25e2-4669-b58c-f2e27586ddf3,https://static.inaturalist.org/photos/450842958/medium.jpeg
251991242,9a236355-d9c8-4761-a0e8-d573b2271b47,https://inaturalist-open-data.s3.amazonaws.com/photos/451002023/medium.jpeg
252000788,10f89080-b090-4e79-9488-7a1b2be2f28e,https://inaturalist-open-data.s3.amazonaws.com/photos/451020820/medium.jpeg
252000837,f9f54d51-9f6b-4605-8a7f-73ee3bf839ab,https://inaturalist-open-data.s3.amazonaws.com/photos/451020898/medium.jpeg
252011160,38aa6529-24ed-4c6d-8842-4012d565482f,https://static.inaturalist.org/photos/451043150/medium.jpeg
252031528,af706fad-d590-4925-936c-3a4f8abf0867,https://inaturalist-open-data.s3.amazonaws.com/photos/451083395/medium.jpg
252038659,6cb6caad-3347-41c6-9f9f-e5b55abca936,https://static.inaturalist.org/photos/451098094/medium.jpeg
252155122,3ec896e5-f4f3-4ed7-a3f2-5ce8295f8aca,https://static.inaturalist.org/photos/451332524/medium.jpeg
252163500,3c7a31a7-adfe-4257-92ed-16805daba3ae,https://inaturalist-open-data.s3.amazonaws.com/photos/451348427/medium.jpeg
252171515,2f8216c3-2557-42af-a601-9101bd9f5d1d,https://inaturalist-open-data.s3.amazonaws.com/photos/451364088/medium.jpeg
252253878,10f48dd7-ed9e-4986-8fe6-32ce19925b97,https://inaturalist-open-data.s3.amazonaws.com/photos/451533122/medium.jpeg
252260271,0005e122-a564-4e4a-b825-240984406efc,https://static.inaturalist.org/photos/452007137/medium.jpeg
252319980,c538cecc-b22c-4cae-8fa3-35f7f1c9e0c5,https://inaturalist-open-data.s3.amazonaws.com/photos/451660474/medium.jpeg
252410126,cfc0922e-2535-4daf-be81-5d7289d441e5,https://inaturalist-open-data.s3.amazonaws.com/photos/451843026/medium.jpeg
252410988,847ccaac-8061-43ed-b869-4070c4920a3a,https://inaturalist-open-data.s3.amazonaws.com/photos/451844582/medium.jpeg
252468634,6881a74a-b5f7-428f-87f7-6ed42b022a8b,https://static.inaturalist.org/photos/451958088/medium.jpeg
252496820,78525327-0813-4a15-b00e-d5e0fdd93dc7,https://inaturalist-open-data.s3.amazonaws.com/photos/452022660/medium.jpeg
252510207,6e0e86e7-c0d2-4223-a2f8-77b72e4a3d5f,https://static.inaturalist.org/photos/452039471/medium.jpg
252520929,dd004eb0-a759-4716-8c58-b6c90484e40a,https://inaturalist-open-data.s3.amazonaws.com/photos/452059535/medium.jpeg
252598635,87887a78-333f-4041-9c9a-87e535877396,https://inaturalist-open-data.s3.amazonaws.com/photos/452211100/medium.jpg
252607409,b941a2cd-45a9-4df7-9ada-9a0de23a91e6,https://static.inaturalist.org/photos/452229093/medium.jpeg
252607700,89db892b-78bf-427f-b94b-254fcf25c344,https://inaturalist-open-data.s3.amazonaws.com/photos/452213317/medium.jpg
252607722,5a5c2a69-fd74-4f63-96fa-9c59d0ee42c2,https://inaturalist-open-data.s3.amazonaws.com/photos/452213585/medium.jpg
252607723,8bc5d4f4-c7c4-4bd5-9c75-5e464b789522,https://inaturalist-open-data.s3.amazonaws.com/photos/452213602/medium.jpg
252607732,31e02c39-ff58-4590-8b08-031aa73598ad,https://inaturalist-open-data.s3.amazonaws.com/photos/452213691/medium.jpg
252607734,c822427e-d735-4ece-aff1-7e9d138eb66a,https://inaturalist-open-data.s3.amazonaws.com/photos/452213718/medium.jpg
252707676,59d0069c-e728-40d9-84ba-1a8da7df0054,https://static.inaturalist.org/photos/452419746/medium.jpeg
252717125,39eb7ada-6b7e-45da-9239-610a522ab92b,https://static.inaturalist.org/photos/452436746/medium.jpeg
252739830,0fb812cf-ba10-435f-85b5-ce71487955b6,https://inaturalist-open-data.s3.amazonaws.com/photos/452476348/medium.jpeg
252847525,d2d6ce7a-0626-4aed-a86d-bbc3e2cc0084,https://inaturalist-open-data.s3.amazonaws.com/photos/452670983/medium.jpeg
252932677,8cb7dbf2-ca93-4f3a-a5a5-557c83a280a9,https://static.inaturalist.org/photos/452823071/medium.jpeg
252983591,7c1bb9b1-f6d9-4504-b261-9c7631510997,https://inaturalist-open-data.s3.amazonaws.com/photos/452908723/medium.jpg
253023016,0cc17113-966c-4a4b-8b54-fbd745b09a12,https://inaturalist-open-data.s3.amazonaws.com/photos/452979920/medium.jpeg
253033155,241bcb17-1f51-4458-9b65-b1721cd385ff,https://static.inaturalist.org/photos/453000662/medium.jpeg
253144028,a0f607e9-f5aa-42ec-9165-d62505ac3bd2,https://inaturalist-open-data.s3.amazonaws.com/photos/453218826/medium.jpeg
253159503,cb855da5-0674-4105-9fd4-c49ceaf7e6f3,https://static.inaturalist.org/photos/453248340/medium.jpeg
253186944,c29fd5fc-70b1-420d-94bf-05cc014efae8,https://inaturalist-open-data.s3.amazonaws.com/photos/453296404/medium.jpeg
253193240,a05c0722-39e0-472a-b26e-d3083608c865,https://static.inaturalist.org/photos/453309184/medium.jpeg
253219953,f1d835bf-3179-4e51-a444-fc4d4027f348,https://inaturalist-open-data.s3.amazonaws.com/photos/453356866/medium.jpeg
253285804,fac24d71-fbc4-49df-b38d-f8f32db6dc0d,https://static.inaturalist.org/photos/453489554/medium.jpeg
253298754,e6051e0f-f22a-459a-a59a-74113045fc48,https://inaturalist-open-data.s3.amazonaws.com/photos/453515714/medium.jpeg
253333362,5dfdfd62-a645-4b2b-9f53-4e9acb54fb3c,https://inaturalist-open-data.s3.amazonaws.com/photos/453579969/medium.jpg
253395691,c0291f19-219e-45b6-b9ef-0e04c29a8090,https://static.inaturalist.org/photos/453707224/medium.jpeg
253411795,a8588d21-3662-49aa-bab9-90b2e88189e0,https://static.inaturalist.org/photos/453738083/medium.jpeg
253511741,d274be74-7b50-4e59-80cf-edd0ac6a81f6,https://static.inaturalist.org/photos/453939614/medium.jpeg
253516533,2c70e298-be07-4df4-8754-6600043ed8cc,https://inaturalist-open-data.s3.amazonaws.com/photos/453948012/medium.jpeg
253542324,88d8f888-6a2f-466b-bb44-dad60db9e39b,https://static.inaturalist.org/photos/453998259/medium.jpeg
253550700,101d8f09-da55-4936-872b-13f4861cc681,https://inaturalist-open-data.s3.amazonaws.com/photos/454022738/medium.jpeg
253610625,78f4b969-be8d-4d7d-b167-b4d40563f96e,https://inaturalist-open-data.s3.amazonaws.com/photos/454139352/medium.jpeg
253621906,323e728d-6e0f-4941-bcac-34fc28de2eea,https://inaturalist-open-data.s3.amazonaws.com/photos/454161938/medium.jpeg
253622669,92ec7f60-9b10-4d05-a905-6c6f6a83754a,https://inaturalist-open-data.s3.amazonaws.com/photos/454163759/medium.jpeg
253625237,10b9dd9b-3a8c-4104-896d-af6f01d9a947,https://static.inaturalist.org/photos/454166842/medium.jpeg
253626612,58807a78-3487-4427-a101-c44b001df4a0,https://inaturalist-open-data.s3.amazonaws.com/photos/454171042/medium.jpeg
253639269,42ccb840-a6a2-4d6f-a861-91c8740fee30,https://inaturalist-open-data.s3.amazonaws.com/photos/454195095/medium.jpeg
253641065,6aabe602-1700-4999-a8ae-48152a9998b4,https://static.inaturalist.org/photos/454198129/medium.jpeg
253643366,ae0b316a-e7ed-4e47-88f4-6dce3bf86a5f,https://inaturalist-open-data.s3.amazonaws.com/photos/454202712/medium.jpeg
253646310,b4f41ff9-be80-4354-8266-bc623bd7f132,https://inaturalist-open-data.s3.amazonaws.com/photos/454207556/medium.jpeg
253652110,4f5bf780-55b9-438b-954c-65737b418423,https://static.inaturalist.org/photos/454218946/medium.jpeg
253652568,edcc11cc-fe05-4da9-91a9-1d73b2111377,https://inaturalist-open-data.s3.amazonaws.com/photos/454219777/medium.jpeg
253657501,4926bae0-b856-4a0c-a433-ad7aa6b2706f,https://inaturalist-open-data.s3.amazonaws.com/photos/454228946/medium.jpeg
253662088,627b4ec8-f6ac-48c0-b565-345179d33cb0,https://static.inaturalist.org/photos/454237774/medium.jpeg
253733681,7e201789-6b08-4238-9902-7cd4da28cf60,https://inaturalist-open-data.s3.amazonaws.com/photos/454380615/medium.jpeg
253743017,e9954e41-06a3-40c7-9750-94d1c224ea3e,https://static.inaturalist.org/photos/454399005/medium.jpeg
253750417,e0cc21e0-a47f-4966-ab15-949d84aca331,https://inaturalist-open-data.s3.amazonaws.com/photos/454413358/medium.jpeg
253758844,5065bd21-ac77-4a39-8144-567ead5bb5f0,https://inaturalist-open-data.s3.amazonaws.com/photos/454428466/medium.jpeg
253762774,c6e21ca7-cf09-42b8-bce5-be0f35302db5,https://inaturalist-open-data.s3.amazonaws.com/photos/454436833/medium.jpeg
253763797,2c94c0f0-6f24-471f-94f3-aeb63d6759f5,https://inaturalist-open-data.s3.amazonaws.com/photos/454439124/medium.jpeg
253765894,34c5aa7b-7dbc-430a-ad13-b02b314f57c3,https://static.inaturalist.org/photos/454443043/medium.jpeg
253771471,91f5b646-4443-45fa-a6e0-7a3030bfb56c,https://static.inaturalist.org/photos/454453990/medium.jpeg
253779364,930c1942-01cf-42de-816c-50fb7292c1a4,https://inaturalist-open-data.s3.amazonaws.com/photos/454470267/medium.jpeg
253890710,fad65806-4855-4204-8b30-cb01d1a7d164,https://inaturalist-open-data.s3.amazonaws.com/photos/454668254/medium.jpeg
253893933,3ce53551-8833-4985-b45f-e21e37b42175,https://inaturalist-open-data.s3.amazonaws.com/photos/454672197/medium.jpeg
253936933,057d26c9-a510-430c-94ed-cea8262e4353,https://inaturalist-open-data.s3.amazonaws.com/photos/454750150/medium.jpeg
253988318,5e0a1797-2222-4f38-9151-684040b3e1b4,https://static.inaturalist.org/photos/454852639/medium.jpeg
253988590,de5f481a-e786-488b-9797-5353f08e6247,https://static.inaturalist.org/photos/454853276/medium.jpeg
254016056,bd6e45e5-fc96-47ed-a937-e2c34b3a19d3,https://inaturalist-open-data.s3.amazonaws.com/photos/454907080/medium.jpeg
254025438,4d110852-e666-4dbe-b250-cc06fae43da5,https://inaturalist-open-data.s3.amazonaws.com/photos/454923821/medium.jpeg
254090603,73162f8f-5940-4743-a82d-6035fd0bec89,https://inaturalist-open-data.s3.amazonaws.com/photos/455054044/medium.jpeg
254100986,e4123151-7f7e-45db-a939-197876516d6d,https://inaturalist-open-data.s3.amazonaws.com/photos/455073687/medium.jpeg
254113919,d01bbdf8-46b2-4c38-95af-d1bed8671ab4,https://inaturalist-open-data.s3.amazonaws.com/photos/455098903/medium.jpeg
254119075,6e3e93c5-1df7-4911-8b19-d142715c705b,https://inaturalist-open-data.s3.amazonaws.com/photos/455133338/medium.jpeg
254119077,cb442a62-398e-485a-a58a-3b3377351254,https://inaturalist-open-data.s3.amazonaws.com/photos/455109058/medium.jpg
254149283,86e50a97-a645-48d3-9c6d-0641add0ec01,https://inaturalist-open-data.s3.amazonaws.com/photos/455166627/medium.jpeg
254191915,afcc44c2-5e4c-478b-8f56-c074c7c2a188,https://inaturalist-open-data.s3.amazonaws.com/photos/455251854/medium.jpg
254202653,79676271-eada-4f1f-b05a-46a68a25f409,https://inaturalist-open-data.s3.amazonaws.com/photos/455273226/medium.jpeg
254217183,ecdf3ce6-929b-41bc-adb2-1e8582e2e1c6,https://static.inaturalist.org/photos/455301455/medium.jpeg
254285588,7e155f98-6610-435b-8c30-937debef1b0e,https://inaturalist-open-data.s3.amazonaws.com/photos/456739977/medium.jpg
254285823,e7235b90-9b74-408b-8368-959308bc73af,https://static.inaturalist.org/photos/455441688/medium.jpg
254291907,244358e6-9cdd-40c5-b140-8c909bda62fc,https://static.inaturalist.org/photos/455454283/medium.jpeg
254293798,e5a9f03b-6a15-4152-8c35-e52d515fd74b,https://static.inaturalist.org/photos/455458050/medium.jpeg
254301633,56fdb92b-ec50-4771-a003-b0e555e54d86,https://static.inaturalist.org/photos/455473643/medium.jpeg
254305698,d1cb3c55-df06-4b0e-beeb-6854585be4d5,https://inaturalist-open-data.s3.amazonaws.com/photos/455481256/medium.jpeg
254305700,407196d6-e551-4317-9896-bf9a3a7e4d1d,https://inaturalist-open-data.s3.amazonaws.com/photos/455481271/medium.jpeg
254389539,ad98810a-3554-48f6-9c1f-d31bc4ad8fde,https://static.inaturalist.org/photos/455650168/medium.jpeg
254389796,9b45b287-c357-4849-a2c0-3c77a0a31479,https://inaturalist-open-data.s3.amazonaws.com/photos/455650761/medium.jpg
254392549,fedd1c8b-0682-4c6e-872f-407ab6f0eedc,https://inaturalist-open-data.s3.amazonaws.com/photos/455655809/medium.jpeg
254402943,a0903b88-777b-40ee-bbc7-8d769f60c4a9,https://inaturalist-open-data.s3.amazonaws.com/photos/455676705/medium.jpeg
254406089,cefa9095-9d50-4e37-84d2-32e5567b100d,https://inaturalist-open-data.s3.amazonaws.com/photos/455683868/medium.jpeg
254413309,107b9cd4-6740-495e-8037-884c00c47bc2,https://inaturalist-open-data.s3.amazonaws.com/photos/455698200/medium.jpeg
254428177,2d979413-c01f-49cc-8646-bf63f114df26,https://inaturalist-open-data.s3.amazonaws.com/photos/455727487/medium.jpeg
254440066,21d5ef7a-cc90-4507-bd6f-92516dd71a8c,https://static.inaturalist.org/photos/455752714/medium.jpeg
254490412,59df41b9-d8e4-4fa1-b0dc-b7222831afe3,https://inaturalist-open-data.s3.amazonaws.com/photos/455853355/medium.jpg
254503312,5e8d002b-d858-4530-a5d3-84c02800849c,https://inaturalist-open-data.s3.amazonaws.com/photos/455877953/medium.jpeg
254503832,ae367768-a7f7-48d7-b2d8-a4290248a1ed,https://inaturalist-open-data.s3.amazonaws.com/photos/455878977/medium.jpg
254504254,c1758553-e09f-445b-a2ff-cac9954e3356,https://inaturalist-open-data.s3.amazonaws.com/photos/455879736/medium.jpg
254517511,b79f4a0c-3d12-4225-8eaf-13ef6e0dfef0,https://static.inaturalist.org/photos/455905192/medium.jpeg
254536662,8ff8da0c-6d35-4702-814c-5f304d83da16,https://static.inaturalist.org/photos/455942048/medium.jpeg
254598226,4316c72e-2fe9-42dd-a182-279ea2203f22,https://inaturalist-open-data.s3.amazonaws.com/photos/456064987/medium.jpeg
254632775,2ec001c3-587a-4063-ac5a-46a6439a7d82,https://inaturalist-open-data.s3.amazonaws.com/photos/456146804/medium.jpeg
254658297,cc6adfd6-aac7-459d-8b5f-8528607ff143,https://static.inaturalist.org/photos/456186090/medium.jpeg
254662395,75ed1579-5558-4c7e-a5b7-7c7e704d988a,https://static.inaturalist.org/photos/456194671/medium.jpeg
254701007,122d6581-c088-467d-ab1f-f4591859e1d0,https://inaturalist-open-data.s3.amazonaws.com/photos/456277057/medium.jpeg
254715485,b61c2945-7d12-4e11-a238-4d3c577d6177,https://static.inaturalist.org/photos/456308214/medium.jpeg
254756989,bf354cb8-d6e6-4b9b-b6df-406384dcc18f,https://inaturalist-open-data.s3.amazonaws.com/photos/456391232/medium.jpeg
254758703,5c6565e3-6aaf-4c15-97b6-d59abc7fb88a,https://inaturalist-open-data.s3.amazonaws.com/photos/456394543/medium.jpeg
254771918,38353ffd-0c31-4b1e-86c0-8ffb09d83b1e,https://inaturalist-open-data.s3.amazonaws.com/photos/456421274/medium.jpg
254890513,72e46f7b-1dc7-408f-815b-8866474c5f07,https://static.inaturalist.org/photos/456662899/medium.jpeg
254893889,71770bba-cc32-428c-b90c-522d9cf43e67,https://static.inaturalist.org/photos/456670171/medium.jpg
254903017,164e5289-8727-4386-a149-e94669be7ae4,https://inaturalist-open-data.s3.amazonaws.com/photos/456687763/medium.jpeg
254982905,b9b2b4da-e5f8-4b0a-9792-ad867149d705,https://inaturalist-open-data.s3.amazonaws.com/photos/456848846/medium.jpeg
255068613,8aeeb5f2-86b8-415e-8347-c523efc03e28,https://inaturalist-open-data.s3.amazonaws.com/photos/457020822/medium.jpg
255127222,cf828e6a-8580-417a-b386-f9d254ed6058,https://static.inaturalist.org/photos/457138169/medium.jpg
255131040,9ecf8fd8-0d94-496c-98a5-0b2888ee07db,https://inaturalist-open-data.s3.amazonaws.com/photos/457141416/medium.jpeg
255131049,6f69c2e0-87c8-4df7-ba72-6bea0bfddbaf,https://inaturalist-open-data.s3.amazonaws.com/photos/457143773/medium.jpeg
255158275,ffbda256-75c3-4457-a408-3d180bbb61f5,https://inaturalist-open-data.s3.amazonaws.com/photos/457200480/medium.jpg
255181880,780b95c0-c1de-4caf-8a33-8a60b263b834,https://static.inaturalist.org/photos/457252096/medium.jpeg
255181901,254eef28-6b7a-4a89-9c11-f55f6908f3f2,https://static.inaturalist.org/photos/457252147/medium.jpeg
255208760,c98a32c4-1f6f-4a93-bab5-fd3bc251fa1d,https://inaturalist-open-data.s3.amazonaws.com/photos/457307511/medium.jpeg
255223711,4b02fc2f-774d-43fd-8ff3-3767f1b2e115,https://inaturalist-open-data.s3.amazonaws.com/photos/457336466/medium.jpeg
255293289,140785de-6b75-4f17-9a28-e13d255ef58d,https://static.inaturalist.org/photos/457481919/medium.jpeg
255293521,37d64d63-8650-4506-8101-1cc9123f3ec8,https://static.inaturalist.org/photos/457482329/medium.jpeg
255299737,325f86b4-2874-4312-9e48-ed024aad2f8e,https://static.inaturalist.org/photos/457495252/medium.jpeg
255398053,24fb49fd-be94-4498-a1f5-480b50208d53,https://static.inaturalist.org/photos/457692825/medium.jpeg
255399531,b0346b83-cb96-4ed1-8496-8f1706ebce8b,https://static.inaturalist.org/photos/457696265/medium.jpeg
255400971,e5ec0f25-5ff0-4376-94e2-7f5d41b60007,https://inaturalist-open-data.s3.amazonaws.com/photos/457699811/medium.jpg
255471682,e2d8cbd1-5efe-40d8-bd20-8b2ca331345f,https://inaturalist-open-data.s3.amazonaws.com/photos/457818737/medium.jpeg
255511613,4e4af368-f506-49a0-89c7-a5c64f144eda,https://static.inaturalist.org/photos/457900951/medium.jpeg
255521395,596a122a-0945-44df-be42-9bcb142acf81,https://inaturalist-open-data.s3.amazonaws.com/photos/457920423/medium.jpg
255542363,7ac86d23-67ca-4d4e-a605-e075f09f2e6f,https://inaturalist-open-data.s3.amazonaws.com/photos/457965586/medium.jpeg
255576042,6cb843a6-ddfc-4706-ae78-76a8fe6a1543,https://static.inaturalist.org/photos/458036333/medium.jpeg
255583026,1015b585-bf00-4970-8ed3-dd77a6615f26,https://static.inaturalist.org/photos/458049890/medium.jpeg
255596659,737f25ac-9435-4ae2-9089-4e9078402d29,https://inaturalist-open-data.s3.amazonaws.com/photos/458077336/medium.jpeg
255596835,ae330e96-0597-4aef-bcb1-155b556c5965,https://inaturalist-open-data.s3.amazonaws.com/photos/458077623/medium.jpeg
255611615,bff0e084-7130-42ca-badd-fc6bd838c02c,https://inaturalist-open-data.s3.amazonaws.com/photos/458107533/medium.jpg
255613315,9e9999a3-5bcb-4bad-ba6e-f7dad2ca36dc,https://inaturalist-open-data.s3.amazonaws.com/photos/458112089/medium.jpg
255766014,d44e7f34-cc77-42ab-b130-9a5233008242,https://inaturalist-open-data.s3.amazonaws.com/photos/458643732/medium.jpeg
255769048,52e5b87d-5e1e-4cee-8c2d-ab5b494f4561,https://inaturalist-open-data.s3.amazonaws.com/photos/458432386/medium.jpg
255771226,a0ecfff5-a61b-4d64-a82e-17acad526f50,https://inaturalist-open-data.s3.amazonaws.com/photos/458436769/medium.jpeg
255866701,4acfa361-6116-4c0c-be24-ab24bd4dd668,https://inaturalist-open-data.s3.amazonaws.com/photos/458627269/medium.jpg
255879175,2adc70db-e8b9-4a39-8a40-d5da5f582660,https://static.inaturalist.org/photos/458652273/medium.jpeg
255911970,56d4edcb-156b-4a9c-9278-4fc942cf8be4,https://inaturalist-open-data.s3.amazonaws.com/photos/458706349/medium.jpeg
255914127,d60e3c42-316c-41ef-8da9-215bdc125245,https://inaturalist-open-data.s3.amazonaws.com/photos/458710558/medium.jpeg
255915187,9dbb90de-5b72-4c63-9bad-e9bb0bf35ea8,https://inaturalist-open-data.s3.amazonaws.com/photos/458711612/medium.jpeg
256195442,490457f6-b11f-4bd3-9243-aebb44a859d6,https://static.inaturalist.org/photos/459281632/medium.jpeg
256258616,e5c88888-f463-4e68-b496-73194c54616c,https://static.inaturalist.org/photos/459415869/medium.jpeg
256261313,265bd83c-1d5a-419c-8ea9-114b39980394,https://inaturalist-open-data.s3.amazonaws.com/photos/459419362/medium.jpeg
256262872,15fa033d-fe10-4f04-be86-b35cb2f18717,https://inaturalist-open-data.s3.amazonaws.com/photos/459424317/medium.jpg
256267787,72bb084a-dc6e-4990-82dd-99ced347a7f2,https://static.inaturalist.org/photos/459433536/medium.jpg
256273728,70c68f41-f0eb-4f24-b621-79c5bcd58e9f,https://inaturalist-open-data.s3.amazonaws.com/photos/459526947/medium.jpeg
256277994,5b70e473-9cdd-406f-bfb0-850fd759a80d,https://inaturalist-open-data.s3.amazonaws.com/photos/459450227/medium.jpg
256279203,8ffb7abf-07f1-4bce-b47a-c2aefa1fb345,https://static.inaturalist.org/photos/459456180/medium.jpeg
256380294,33818591-695c-4525-94fc-64667b875542,https://static.inaturalist.org/photos/459662729/medium.jpeg
256407943,e95336a6-f9e1-481f-8a6b-6a1f39c3715f,https://inaturalist-open-data.s3.amazonaws.com/photos/459717764/medium.jpg
256492440,0954884f-3065-4b02-8980-59fc0a5a2688,https://static.inaturalist.org/photos/459891480/medium.jpeg
256507661,b259c68b-8025-42e6-ae01-5a182a8b8dd6,https://static.inaturalist.org/photos/459923354/medium.jpeg
256512321,1a05a1ec-a6b0-434b-877b-814da66d2d5c,https://inaturalist-open-data.s3.amazonaws.com/photos/459932650/medium.jpeg
256525518,2df4c2b8-12b8-4118-aa08-47b4c4399cb7,https://static.inaturalist.org/photos/459958170/medium.jpg
256606361,7d1e947e-9fe0-4790-8a44-0fc37c62f001,https://static.inaturalist.org/photos/460125936/medium.jpeg
256645864,7b329dec-f778-4dcb-99f0-e4fdf237c5f7,https://static.inaturalist.org/photos/460205184/medium.jpeg
256657194,15018e69-8c07-44b8-b8d2-7bcc75484a8c,https://static.inaturalist.org/photos/460226852/medium.jpg
256667875,d34605b5-eab4-43d6-9fb0-ba237644def2,https://inaturalist-open-data.s3.amazonaws.com/photos/460248805/medium.jpeg
256744783,1872bf8d-4f5b-4a85-ae6e-bd374d66ce8e,https://static.inaturalist.org/photos/460403491/medium.jpeg
256809070,3e8bc200-0a1b-4777-b543-50c421c96855,https://inaturalist-open-data.s3.amazonaws.com/photos/460531700/medium.jpeg
256811400,45f2c3cc-467c-4625-afa6-87056a7474a8,https://static.inaturalist.org/photos/460537188/medium.jpeg
256863170,e810826a-ebd1-4523-9d75-2ba1c567b989,https://static.inaturalist.org/photos/460641543/medium.jpeg
256912141,e8aba9af-0ea1-49fa-9bdb-e845798f4192,https://inaturalist-open-data.s3.amazonaws.com/photos/460740766/medium.jpeg
257216353,a8051bfc-df74-4b52-86eb-5c35d735f5c0,https://inaturalist-open-data.s3.amazonaws.com/photos/461357396/medium.jpeg
257241875,43584103-7b64-43d6-b71a-fb5d8d37a871,https://inaturalist-open-data.s3.amazonaws.com/photos/461403954/medium.jpeg
257241877,4480c565-df87-4aa3-a451-08f7e8cddea9,https://inaturalist-open-data.s3.amazonaws.com/photos/461372362/medium.jpeg
257365085,8cda940f-ac91-4a4b-9f27-0c8647c1401c,https://inaturalist-open-data.s3.amazonaws.com/photos/461663537/medium.jpeg
257471968,fa7c978c-a635-45fd-81f9-dab5f758e5fc,https://inaturalist-open-data.s3.amazonaws.com/photos/461882205/medium.jpg
257494374,a7cdbf85-d2bc-4a0a-baf9-44c5c84b99a7,https://inaturalist-open-data.s3.amazonaws.com/photos/461925731/medium.jpg
257791427,853dd593-3bb2-42c6-a129-6942ea5ad567,https://inaturalist-open-data.s3.amazonaws.com/photos/462503692/medium.jpeg
257791429,aa47064a-573a-4dc2-a048-f3bf5285c11b,https://inaturalist-open-data.s3.amazonaws.com/photos/462503701/medium.jpeg
258120321,5e41ace5-3d7e-4f2d-bc5c-04bae6bdfafa,https://static.inaturalist.org/photos/463054371/medium.jpeg
258480179,cdfa7621-e879-4f2f-a4d9-1ca1e2dc626a,https://static.inaturalist.org/photos/463766679/medium.jpg
258687790,074c9bcc-4960-44b1-9001-2fc6af41ad92,https://static.inaturalist.org/photos/464191989/medium.jpg
258704834,872df5ce-db1a-4e2d-9653-fd56280248f0,https://inaturalist-open-data.s3.amazonaws.com/photos/464226582/medium.jpg
258742927,211c5966-91e8-4c66-b597-be0761f33fe9,https://static.inaturalist.org/photos/464305687/medium.jpg
258949243,bdff2c37-0707-4120-87b9-fe80715bb22a,https://inaturalist-open-data.s3.amazonaws.com/photos/464724378/medium.jpeg
259267267,bc610b4b-e765-4d34-aa35-e035da7dd364,https://inaturalist-open-data.s3.amazonaws.com/photos/465372928/medium.jpg
259657021,98e5ebbf-50db-4ac2-bfc8-6615288be2fa,https://static.inaturalist.org/photos/466157692/medium.jpeg
259663024,9a0a3fe9-4171-4945-8a76-fc8c4cb61974,https://inaturalist-open-data.s3.amazonaws.com/photos/466158880/medium.jpg
259689532,53986993-ce2e-4b79-86ea-93f9ca0c8c08,https://inaturalist-open-data.s3.amazonaws.com/photos/466219750/medium.jpg
259758303,21991b7d-b3e6-4b4a-87a1-69f72103f7c7,https://inaturalist-open-data.s3.amazonaws.com/photos/466361751/medium.jpeg
259762967,65d4adb2-d5ac-45d8-9162-abeca3f3c2fd,https://inaturalist-open-data.s3.amazonaws.com/photos/466370974/medium.jpeg
259876987,974701b7-62e5-42f7-9f4b-0471c018edd4,https://inaturalist-open-data.s3.amazonaws.com/photos/466590565/medium.jpeg
259885232,5fdbad3a-0b4f-45b0-9707-4bcfe527a381,https://inaturalist-open-data.s3.amazonaws.com/photos/466604877/medium.jpeg
260091590,d5968c50-0f29-4115-8815-69901cc45080,https://static.inaturalist.org/photos/467014913/medium.jpg
260431046,dd6a6af3-c736-4fe1-a89c-1b575cb85d5d,https://inaturalist-open-data.s3.amazonaws.com/photos/467692181/medium.jpg
261262879,d92e2368-31ff-4b58-9b21-bf438e040a02,https://inaturalist-open-data.s3.amazonaws.com/photos/469339612/medium.jpg
261278993,3519d89c-549f-42b5-a6d8-5b84f2cd5972,https://inaturalist-open-data.s3.amazonaws.com/photos/469369393/medium.jpg
261713498,f66bfc08-25a5-42ba-b408-9c22929bf594,https://static.inaturalist.org/photos/470237739/medium.jpg
261806835,902ce8be-0582-42bb-ab7a-be82efe600b5,https://inaturalist-open-data.s3.amazonaws.com/photos/470421630/medium.jpeg
262026148,10783081-f406-4069-9a6f-20c8cb31b6ac,https://static.inaturalist.org/photos/470827926/medium.jpeg
262039789,ebfbef09-a158-4002-9f14-7e7fac808e58,https://inaturalist-open-data.s3.amazonaws.com/photos/470838136/medium.jpg
262454662,8bf27579-3bcb-40a0-9f0d-cbe73bda8d49,https://inaturalist-open-data.s3.amazonaws.com/photos/471465043/medium.jpeg
262580682,6d292bcc-0a80-4b42-bb3d-7ce0eb048a98,https://static.inaturalist.org/photos/471612256/medium.jpg
262840633,7832a14f-f8f8-4968-9d94-ce6ab3480b12,https://inaturalist-open-data.s3.amazonaws.com/photos/472072566/medium.jpg
263144535,9f1acd26-3a5e-419d-bd57-8b48bdf5349a,https://inaturalist-open-data.s3.amazonaws.com/photos/472683987/medium.jpeg
263546269,1ae234e3-0f62-45c2-9e74-fb922878d570,https://static.inaturalist.org/photos/473473585/medium.jpeg
263746138,e6b892b1-eb69-4155-89c4-fdc2d8b9a43c,https://inaturalist-open-data.s3.amazonaws.com/photos/473868648/medium.jpeg
264000403,58f04061-bc3e-4779-a4bf-482deeb1a251,https://static.inaturalist.org/photos/474367452/medium.jpeg
265634857,ed9c8f97-7aa0-47ab-9854-661e75805174,https://inaturalist-open-data.s3.amazonaws.com/photos/477166835/medium.jpeg
265634858,3ac629eb-1063-471f-8b2f-4190d13ed1a4,https://inaturalist-open-data.s3.amazonaws.com/photos/477167187/medium.jpeg
265800166,7cf34404-d576-442b-b0be-a99d1c287565,https://static.inaturalist.org/photos/477497474/medium.jpeg
268208535,5451d042-8f8b-4a1c-a4f4-7fbc46ac22b9,https://static.inaturalist.org/photos/482079594/medium.jpeg
270133867,1a57cf31-d11b-4c33-bc48-9893372ea766,https://static.inaturalist.org/photos/485885267/medium.jpg
272164464,7b3b7baf-5be6-4e57-9a46-d07e8aa2a88c,https://inaturalist-open-data.s3.amazonaws.com/photos/489635786/medium.jpeg
278390236,183a594a-be97-4c37-b20a-6bb68f0040c6,https://inaturalist-open-data.s3.amazonaws.com/photos/499870906/medium.jpeg
278565250,2d44647e-e554-4939-ad6f-30dd35e6aff4,https://inaturalist-open-data.s3.amazonaws.com/photos/500185998/medium.jpeg
279724231,716ab38f-6d88-458c-8192-dde41362c994,https://static.inaturalist.org/photos/502295074/medium.jpeg
280031907,692581a1-9fb7-4152-9fca-7c9129f580aa,https://inaturalist-open-data.s3.amazonaws.com/photos/502906689/medium.jpeg
281123707,5f8cc3a0-fd80-4ab8-a3d3-a58b5a17ddfc,https://inaturalist-open-data.s3.amazonaws.com/photos/504970065/medium.jpg
282129808,92664671-a772-48b5-838e-c84a23bc0e89,https://static.inaturalist.org/photos/506854601/medium.jpg
283332015,0b25e4fb-f8b1-4440-afb1-7d131bc4facb,https://inaturalist-open-data.s3.amazonaws.com/photos/509100262/medium.jpg
285285995,e48a0b99-16f9-43db-8928-3f3b8a79e5b9,https://inaturalist-open-data.s3.amazonaws.com/photos/512784907/medium.jpg
286410176,08959f8f-5716-40b4-8f43-e50275fc706a,https://inaturalist-open-data.s3.amazonaws.com/photos/514886129/medium.jpg
292548970,0ae7e20a-2f5d-4f8a-8080-2aa2c610c40b,https://inaturalist-open-data.s3.amazonaws.com/photos/527132801/medium.jpg
294532303,7bf91ce8-59dc-4ca8-b646-a643da72f2cb,https://inaturalist-open-data.s3.amazonaws.com/photos/530151551/medium.jpg
295535190,a161acde-5b7e-4a5a-b05a-62c7706f6139,https://static.inaturalist.org/photos/532041029/medium.jpg
302814144,94c5a882-2c9d-4362-8f2e-c24780cd3cc2,https://static.inaturalist.org/photos/545748746/medium.jpg
303431323,6ccc6558-d9a5-4bdd-85e1-976f7078b5f4,https://inaturalist-open-data.s3.amazonaws.com/photos/546905192/medium.jpg
